NOAO/IRAF community V2.16.1+ snapshot javier@Mauros-MacBook.local Tue 14:55:22 13-Jul-2021
Sensitivity function for aperture 1:
Fitting function is spline3 of order 6 with 404 points and RMS of 0.0190.
       Image Airmass  Points   Shift RMS Fit   Dev 1   Dev 2   Dev 3
dc_obj1045.0001.fits   1.013      67  0.0000  0.0175  0.0038  0.0068  0.0116
dc_obj1046.0001.fits   1.018      67  0.0000  0.0182  0.0042  0.0062  0.0120
dc_obj1049.0001.fits   1.004      67  0.0000  0.0214 -0.0089 -0.0045 -0.0061
dc_obj1050.0001.fits   1.002      67  0.0000  0.0206 -0.0050 -0.0016 -0.0050
dc_obj1052.0001.fits   1.024      68  0.0000  0.0183 -0.0023  0.0004 -0.0024
dc_obj1053.0001   1.020      68  0.0000  0.0177 -0.0023  0.0000 -0.0071

  Lambda     Fit     Avg   Resid  SD Avg     N     Ext    Dext
 6250.00  36.308  36.309  0.0011  0.0042     6  0.1300  0.0000
 6300.00  36.329  36.327 -0.0014  0.0018     6  0.1246  0.0000
 6350.00  36.345  36.343 -0.0021  0.0023     6  0.1193  0.0000
 6400.00  36.358  36.359  0.0010  0.0009     6  0.1139  0.0000
 6450.00  36.367  36.370  0.0033  0.0024     6  0.1085  0.0000
 6500.00  36.373  36.377  0.0031  0.0021     6  0.1030  0.0000
 6550.00  36.378  36.372 -0.0061  0.0030     6  0.0975  0.0000
 6600.00  36.381  36.381  0.0005  0.0031     6  0.0920  0.0000
 6650.00  36.382  36.377 -0.0051  0.0019     6  0.0863  0.0000
 6700.00  36.384  36.379 -0.0047  0.0017     6  0.0806  0.0000
 6750.00  36.386  36.385 -0.0004  0.0013     6  0.0750  0.0000
 6800.00  36.388  36.390  0.0019  0.0019     6  0.0705  0.0000
 6850.00  36.392  36.396  0.0037  0.0031     6  0.0695  0.0000
 6900.00  36.396  36.421  0.0251  0.0022     6  0.0692  0.0000
 6950.00  36.400  36.406  0.0059  0.0024     6  0.0690  0.0000
 7000.00  36.404  36.404  0.0001  0.0020     6  0.0685  0.0000
 7050.00  36.407  36.404 -0.0030  0.0013     6  0.0679  0.0000
 7100.00  36.408  36.409  0.0005  0.0011     6  0.0670  0.0000
 7150.00  36.408  36.401 -0.0078  0.0030     6  0.0658  0.0000
 7200.00  36.406  36.387 -0.0190  0.0030     6  0.0643  0.0000
 7250.00  36.402  36.381 -0.0209  0.0039     6  0.0627  0.0000
 7300.00  36.394  36.380 -0.0141  0.0040     6  0.0609  0.0000
 7350.00  36.383  36.385  0.0015  0.0021     6  0.0591  0.0000
 7400.00  36.369  36.373  0.0036  0.0018     6  0.0573  0.0000
 7450.00  36.351  36.356  0.0045  0.0017     6  0.0557  0.0000
 7500.00  36.331  36.337  0.0059  0.0014     6  0.0542  0.0000
 7550.00  36.308  36.308  0.0001  0.0014     6  0.0530  0.0000
 7600.00  36.282  36.310  0.0276  0.0075     6  0.0519  0.0000
 7650.00  36.255  36.293  0.0377  0.0029     6  0.0509  0.0000
 7700.00  36.227  36.222 -0.0048  0.0025     6  0.0500  0.0000
 7750.00  36.197  36.190 -0.0072  0.0014     6  0.0492  0.0000
 7800.00  36.167  36.158 -0.0085  0.0015     6  0.0490  0.0000
 7850.00  36.136  36.129 -0.0071  0.0012     6  0.0494  0.0000
 7900.00  36.105  36.100 -0.0059  0.0013     6  0.0503  0.0000
 7950.00  36.075  36.069 -0.0067  0.0013     6  0.0513  0.0000
 8000.00  36.046  36.045 -0.0002  0.0019     6  0.0522  0.0000
 8050.00  36.017  36.019  0.0024  0.0013     6  0.0528  0.0000
 8100.00  35.989  35.990  0.0008  0.0020     6  0.0530  0.0000
 8150.00  35.962  35.951 -0.0111  0.0036     6  0.0529  0.0000
 8200.00  35.936  35.928 -0.0079  0.0033     6  0.0527  0.0000
 8250.00  35.911  35.897 -0.0139  0.0023     6  0.0524  0.0000
 8300.00  35.887  35.882 -0.0049  0.0024     6  0.0517  0.0000
 8350.00  35.865  35.877  0.0114  0.0009     6  0.0506  0.0000
 8400.00  35.845  35.852  0.0075  0.0024     6  0.0488  0.0000
 8450.00  35.826  35.837  0.0111  0.0016     6  0.0460  0.0000
 8500.00  35.809  35.824  0.0152  0.0024     6  0.0427  0.0000
 8550.00  35.793  35.807  0.0135  0.0023     6  0.0392  0.0000
 8600.00  35.779  35.783  0.0044  0.0018     6  0.0358  0.0000
 8650.00  35.764  35.763 -0.0013  0.0014     6  0.0328  0.0000
 8700.00  35.748  35.737 -0.0114  0.0026     6  0.0303  0.0000
 8750.00  35.731  35.718 -0.0124  0.0007     6  0.0286  0.0000
 8800.00  35.711  35.706 -0.0048  0.0021     6  0.0275  0.0000
 8850.00  35.688  35.686 -0.0018  0.0017     6  0.0272  0.0000
 8900.00  35.660  35.665  0.0051  0.0033     6  0.0274  0.0000
 8950.00  35.628  35.612 -0.0155  0.0031     6  0.0282  0.0000
 9000.00  35.589  35.554 -0.0351  0.0037     6  0.0295  0.0000
 9050.00  35.544  35.543 -0.0011  0.0029     6  0.0312  0.0000
 9100.00  35.491  35.498  0.0070  0.0031     6  0.0332  0.0000
 9150.00  35.431  35.446  0.0150  0.0051     6  0.0354  0.0000
 9200.00  35.364  35.406  0.0415  0.0057     6  0.0379  0.0000
 9250.00  35.292  35.339  0.0476  0.0037     6  0.0405  0.0000
 9300.00  35.213  35.228  0.0146  0.0105     6  0.0431  0.0000
 9350.00  35.130  35.063 -0.0669  0.0083     6  0.0456  0.0000
 9400.00  35.043  35.016 -0.0273  0.0127     6  0.0481  0.0000
 9450.00  34.952  34.940 -0.0119  0.0127     6  0.0504  0.0000
 9500.00  34.858  34.874  0.0154  0.0093     6  0.0524  0.0000
 9550.00  34.762  34.776  0.0137  0.0088     6  0.0541  0.0000
 9600.00  34.664  34.661 -0.0032  0.0040     2  0.0553  0.0000

NOAO/IRAF community V2.16.1+ snapshot javier@Mauros-MacBook.local Tue 18:25:50 13-Jul-2021
Sensitivity function for aperture 1:
Fitting function is spline3 of order 6 with 403 points and RMS of 0.0180.
       Image Airmass  Points   Shift RMS Fit   Dev 1   Dev 2   Dev 3
dc_obj1045.0001.fits   1.013      67  0.0001  0.0158 -0.0038 -0.0004  0.0040
dc_obj1046.0001.fits   1.018      67  0.0000  0.0165 -0.0034 -0.0011  0.0043
dc_obj1049.0001.fits   1.004      66  0.0149  0.0195 -0.0017  0.0006  0.0010
dc_obj1050.0001.fits   1.002      67  0.0115  0.0203 -0.0012  0.0026 -0.0013
dc_obj1052.0001.fits   1.024      68  0.0090  0.0182 -0.0009  0.0021 -0.0012
dc_obj1053.0001   1.020      68  0.0107  0.0174  0.0007  0.0034 -0.0042

  Lambda     Fit     Avg   Resid  SD Avg     N     Ext    Dext
 6250.00  36.316  36.317  0.0010  0.0046     6  0.1300  0.0000
 6300.00  36.337  36.335 -0.0014  0.0016     6  0.1246  0.0000
 6350.00  36.353  36.351 -0.0020  0.0014     6  0.1193  0.0000
 6400.00  36.365  36.367  0.0011  0.0024     6  0.1139  0.0000
 6450.00  36.375  36.378  0.0034  0.0016     6  0.1085  0.0000
 6500.00  36.381  36.384  0.0031  0.0014     6  0.1030  0.0000
 6550.00  36.385  36.379 -0.0061  0.0022     6  0.0975  0.0000
 6600.00  36.388  36.389  0.0004  0.0011     6  0.0920  0.0000
 6650.00  36.390  36.385 -0.0052  0.0006     6  0.0863  0.0000
 6700.00  36.392  36.387 -0.0048  0.0012     6  0.0806  0.0000
 6750.00  36.393  36.393 -0.0006  0.0013     6  0.0750  0.0000
 6800.00  36.396  36.398  0.0018  0.0006     6  0.0705  0.0000
 6850.00  36.400  36.403  0.0035  0.0024     6  0.0695  0.0000
 6900.00  36.404  36.429  0.0249  0.0020     6  0.0692  0.0000
 6950.00  36.408  36.414  0.0058  0.0006     6  0.0690  0.0000
 7000.00  36.411  36.411  0.0001  0.0007     6  0.0685  0.0000
 7050.00  36.414  36.411 -0.0029  0.0012     6  0.0679  0.0000
 7100.00  36.416  36.416  0.0006  0.0016     6  0.0670  0.0000
 7150.00  36.416  36.408 -0.0076  0.0010     6  0.0658  0.0000
 7200.00  36.414  36.395 -0.0188  0.0013     6  0.0643  0.0000
 7250.00  36.409  36.389 -0.0206  0.0016     6  0.0627  0.0000
 7300.00  36.402  36.388 -0.0137  0.0026     6  0.0609  0.0000
 7350.00  36.391  36.393  0.0020  0.0006     6  0.0591  0.0000
 7400.00  36.376  36.380  0.0041  0.0007     6  0.0573  0.0000
 7450.00  36.359  36.364  0.0050  0.0007     6  0.0557  0.0000
 7500.00  36.338  36.344  0.0065  0.0010     6  0.0542  0.0000
 7550.00  36.315  36.316  0.0008  0.0013     6  0.0530  0.0000
 7600.00  36.289  36.318  0.0282  0.0064     6  0.0519  0.0000
 7650.00  36.262  36.297  0.0351  0.0041     5  0.0509  0.0000
 7700.00  36.234  36.230 -0.0041  0.0021     6  0.0500  0.0000
 7750.00  36.204  36.198 -0.0065  0.0016     6  0.0492  0.0000
 7800.00  36.174  36.166 -0.0078  0.0010     6  0.0490  0.0000
 7850.00  36.143  36.137 -0.0065  0.0016     6  0.0494  0.0000
 7900.00  36.113  36.107 -0.0054  0.0012     6  0.0503  0.0000
 7950.00  36.082  36.076 -0.0062  0.0012     6  0.0513  0.0000
 8000.00  36.053  36.053  0.0002  0.0010     6  0.0522  0.0000
 8050.00  36.024  36.027  0.0028  0.0014     6  0.0528  0.0000
 8100.00  35.996  35.997  0.0011  0.0007     6  0.0530  0.0000
 8150.00  35.969  35.958 -0.0109  0.0014     6  0.0529  0.0000
 8200.00  35.943  35.935 -0.0078  0.0017     6  0.0527  0.0000
 8250.00  35.918  35.905 -0.0139  0.0004     6  0.0524  0.0000
 8300.00  35.895  35.890 -0.0049  0.0011     6  0.0517  0.0000
 8350.00  35.873  35.884  0.0114  0.0019     6  0.0506  0.0000
 8400.00  35.853  35.860  0.0074  0.0018     6  0.0488  0.0000
 8450.00  35.834  35.845  0.0109  0.0019     6  0.0460  0.0000
 8500.00  35.817  35.832  0.0150  0.0015     6  0.0427  0.0000
 8550.00  35.801  35.814  0.0133  0.0005     6  0.0392  0.0000
 8600.00  35.786  35.791  0.0042  0.0007     6  0.0358  0.0000
 8650.00  35.772  35.770 -0.0015  0.0011     6  0.0328  0.0000
 8700.00  35.756  35.744 -0.0115  0.0015     6  0.0303  0.0000
 8750.00  35.739  35.726 -0.0125  0.0022     6  0.0286  0.0000
 8800.00  35.719  35.714 -0.0049  0.0023     6  0.0275  0.0000
 8850.00  35.695  35.694 -0.0018  0.0022     6  0.0272  0.0000
 8900.00  35.668  35.673  0.0051  0.0033     6  0.0274  0.0000
 8950.00  35.635  35.620 -0.0155  0.0013     6  0.0282  0.0000
 9000.00  35.597  35.562 -0.0350  0.0017     6  0.0295  0.0000
 9050.00  35.552  35.551 -0.0010  0.0012     6  0.0312  0.0000
 9100.00  35.499  35.506  0.0072  0.0019     6  0.0332  0.0000
 9150.00  35.439  35.454  0.0151  0.0028     6  0.0354  0.0000
 9200.00  35.372  35.414  0.0417  0.0050     6  0.0379  0.0000
 9250.00  35.299  35.347  0.0478  0.0039     6  0.0405  0.0000
 9300.00  35.221  35.236  0.0148  0.0087     6  0.0431  0.0000
 9350.00  35.138  35.071 -0.0668  0.0067     6  0.0456  0.0000
 9400.00  35.051  35.023 -0.0273  0.0118     6  0.0481  0.0000
 9450.00  34.960  34.948 -0.0121  0.0115     6  0.0504  0.0000
 9500.00  34.866  34.881  0.0152  0.0070     6  0.0524  0.0000
 9550.00  34.770  34.783  0.0133  0.0083     6  0.0541  0.0000
 9600.00  34.672  34.670 -0.0018  0.0046     2  0.0553  0.0000

NOAO/IRAF community V2.16.1+ snapshot javier@Mauros-MacBook.local Tue 18:33:38 13-Jul-2021
Sensitivity function for aperture 1:
Fitting function is spline3 of order 6 with 357 points and RMS of 0.0100.
       Image Airmass  Points   Shift RMS Fit   Dev 1   Dev 2   Dev 3
dc_obj1045.0001.fits   1.013      58  0.0000  0.0094  0.0037  0.0066  0.0063
dc_obj1046.0001.fits   1.018      57  0.0000  0.0090  0.0042  0.0060  0.0052
dc_obj1049.0001.fits   1.004      60  0.0000  0.0108 -0.0094 -0.0040 -0.0018
dc_obj1050.0001.fits   1.002      60  0.0000  0.0100 -0.0054 -0.0010 -0.0014
dc_obj1052.0001.fits   1.024      60  0.0000  0.0101 -0.0011 -0.0006 -0.0018
dc_obj1053.0001   1.020      62  0.0000  0.0102 -0.0011 -0.0009 -0.0010

  Lambda     Fit     Avg   Resid  SD Avg     N     Ext    Dext
 6250.00  36.308  36.309  0.0011  0.0042     6  0.1300  0.0000
 6300.00  36.329  36.327 -0.0015  0.0018     6  0.1246  0.0000
 6350.00  36.345  36.343 -0.0021  0.0023     6  0.1193  0.0000
 6400.00  36.358  36.359  0.0010  0.0009     6  0.1139  0.0000
 6450.00  36.367  36.370  0.0034  0.0024     6  0.1085  0.0000
 6500.00  36.373  36.377  0.0033  0.0021     6  0.1030  0.0000
 6550.00  36.377  36.372 -0.0058  0.0030     6  0.0975  0.0000
 6600.00  36.380  36.381  0.0009  0.0031     6  0.0920  0.0000
 6650.00  36.382  36.377 -0.0045  0.0019     6  0.0863  0.0000
 6700.00  36.383  36.379 -0.0039  0.0017     6  0.0806  0.0000
 6750.00  36.385  36.385  0.0006  0.0013     6  0.0750  0.0000
 6800.00  36.387  36.390  0.0031  0.0019     6  0.0705  0.0000
 6850.00  36.391  36.396  0.0050  0.0031     6  0.0695  0.0000
 6900.00  36.394  36.414  0.0197  0.0001     2  0.0692  0.0000
 6950.00  36.398  36.406  0.0075  0.0024     6  0.0690  0.0000
 7000.00  36.402  36.404  0.0019  0.0020     6  0.0685  0.0000
 7050.00  36.405  36.404 -0.0010  0.0013     6  0.0679  0.0000
 7100.00  36.406  36.409  0.0026  0.0011     6  0.0670  0.0000
 7150.00  36.406  36.401 -0.0054  0.0030     6  0.0658  0.0000
 7200.00  36.404  36.387 -0.0164  0.0030     6  0.0643  0.0000
 7250.00  36.399  36.381 -0.0179  0.0039     6  0.0627  0.0000
 7300.00  36.391  36.380 -0.0108  0.0040     6  0.0609  0.0000
 7350.00  36.380  36.385  0.0052  0.0021     6  0.0591  0.0000
 7400.00  36.365  36.373  0.0077  0.0018     6  0.0573  0.0000
 7450.00  36.347  36.356  0.0090  0.0017     6  0.0557  0.0000
 7500.00  36.326  36.337  0.0109  0.0014     6  0.0542  0.0000
 7550.00  36.302  36.308  0.0056  0.0014     6  0.0530  0.0000
 7600.00  36.277  36.284  0.0074  0.0018     2  0.0519  0.0000
 7700.00  36.220  36.222  0.0014  0.0025     6  0.0500  0.0000
 7750.00  36.191  36.190 -0.0008  0.0014     6  0.0492  0.0000
 7800.00  36.161  36.158 -0.0022  0.0015     6  0.0490  0.0000
 7850.00  36.130  36.129 -0.0011  0.0012     6  0.0494  0.0000
 7900.00  36.100  36.100 -0.0004  0.0013     6  0.0503  0.0000
 7950.00  36.070  36.069 -0.0020  0.0013     6  0.0513  0.0000
 8000.00  36.042  36.045  0.0037  0.0019     6  0.0522  0.0000
 8050.00  36.014  36.019  0.0053  0.0013     6  0.0528  0.0000
 8100.00  35.987  35.990  0.0026  0.0020     6  0.0530  0.0000
 8150.00  35.961  35.951 -0.0104  0.0036     6  0.0529  0.0000
 8200.00  35.936  35.928 -0.0084  0.0033     6  0.0527  0.0000
 8250.00  35.912  35.897 -0.0154  0.0023     6  0.0524  0.0000
 8300.00  35.890  35.882 -0.0073  0.0024     6  0.0517  0.0000
 8350.00  35.868  35.877  0.0084  0.0009     6  0.0506  0.0000
 8400.00  35.848  35.852  0.0041  0.0024     6  0.0488  0.0000
 8450.00  35.829  35.837  0.0075  0.0016     6  0.0460  0.0000
 8500.00  35.812  35.824  0.0119  0.0024     6  0.0427  0.0000
 8550.00  35.796  35.807  0.0109  0.0023     6  0.0392  0.0000
 8600.00  35.780  35.783  0.0027  0.0018     6  0.0358  0.0000
 8650.00  35.764  35.763 -0.0018  0.0014     6  0.0328  0.0000
 8700.00  35.747  35.737 -0.0106  0.0026     6  0.0303  0.0000
 8750.00  35.729  35.718 -0.0104  0.0007     6  0.0286  0.0000
 8800.00  35.708  35.706 -0.0015  0.0021     6  0.0275  0.0000
 8850.00  35.683  35.686  0.0027  0.0017     6  0.0272  0.0000
 8900.00  35.655  35.665  0.0105  0.0033     6  0.0274  0.0000
 8950.00  35.622  35.612 -0.0096  0.0031     6  0.0282  0.0000
 9000.00  35.583  35.559 -0.0237  0.0031     4  0.0295  0.0000
 9050.00  35.538  35.543  0.0046  0.0029     6  0.0312  0.0000
 9100.00  35.486  35.498  0.0118  0.0031     6  0.0332  0.0000
 9150.00  35.428  35.438  0.0098  0.0017     4  0.0354  0.0000
 9200.00  35.363  35.384  0.0214  0.0000     1  0.0379  0.0000
 9300.00  35.215  35.205 -0.0099  0.0098     3  0.0431  0.0000
 9400.00  35.048  35.037 -0.0108  0.0049     4  0.0481  0.0000
 9450.00  34.958  34.961  0.0031  0.0038     4  0.0504  0.0000
 9500.00  34.864  34.859 -0.0043  0.0064     4  0.0524  0.0000
 9550.00  34.767  34.780  0.0134  0.0054     3  0.0541  0.0000
 9600.00  34.667  34.661 -0.0063  0.0040     2  0.0553  0.0000

NOAO/IRAF community V2.16.1+ snapshot javier@Mauros-MacBook.local Tue 18:49:16 13-Jul-2021
Sensitivity function for aperture 1:
Fitting function is spline3 of order 7 with 358 points and RMS of 0.0093.
       Image Airmass  Points   Shift RMS Fit   Dev 1   Dev 2   Dev 3
dc_obj1045.0001.fits   1.013      58  0.0000  0.0078 -0.0018  0.0017  0.0003
dc_obj1046.0001.fits   1.018      57  0.0004  0.0076 -0.0009  0.0014 -0.0004
dc_obj1049.0001.fits   1.004      61  0.0102  0.0102 -0.0031  0.0012  0.0023
dc_obj1050.0001.fits   1.002      61  0.0076  0.0104 -0.0018  0.0016  0.0002
dc_obj1052.0001.fits   1.024      60  0.0056  0.0097 -0.0010  0.0001  0.0012
dc_obj1053.0001   1.020      61  0.0061  0.0094 -0.0006  0.0002  0.0005

  Lambda     Fit     Avg   Resid  SD Avg     N     Ext    Dext
 6250.00  36.313  36.314  0.0007  0.0042     6  0.1300  0.0000
 6300.00  36.334  36.332 -0.0014  0.0010     6  0.1246  0.0000
 6350.00  36.350  36.348 -0.0018  0.0012     6  0.1193  0.0000
 6400.00  36.362  36.364  0.0014  0.0016     6  0.1139  0.0000
 6450.00  36.372  36.375  0.0037  0.0014     6  0.1085  0.0000
 6500.00  36.378  36.382  0.0035  0.0013     6  0.1030  0.0000
 6550.00  36.383  36.377 -0.0058  0.0023     6  0.0975  0.0000
 6600.00  36.385  36.386  0.0006  0.0018     6  0.0920  0.0000
 6650.00  36.387  36.382 -0.0051  0.0005     6  0.0863  0.0000
 6700.00  36.389  36.384 -0.0049  0.0007     6  0.0806  0.0000
 6750.00  36.391  36.390 -0.0007  0.0005     6  0.0750  0.0000
 6800.00  36.393  36.395  0.0017  0.0004     6  0.0705  0.0000
 6850.00  36.397  36.401  0.0036  0.0022     6  0.0695  0.0000
 6900.00  36.401  36.425  0.0246  0.0028     4  0.0692  0.0000
 6950.00  36.405  36.411  0.0062  0.0009     6  0.0690  0.0000
 7000.00  36.408  36.409  0.0007  0.0006     6  0.0685  0.0000
 7050.00  36.411  36.409 -0.0020  0.0005     6  0.0679  0.0000
 7100.00  36.412  36.414  0.0018  0.0009     6  0.0670  0.0000
 7150.00  36.412  36.406 -0.0060  0.0016     6  0.0658  0.0000
 7200.00  36.409  36.392 -0.0168  0.0019     6  0.0643  0.0000
 7250.00  36.404  36.386 -0.0182  0.0024     6  0.0627  0.0000
 7300.00  36.396  36.385 -0.0109  0.0031     6  0.0609  0.0000
 7350.00  36.385  36.390  0.0052  0.0007     6  0.0591  0.0000
 7400.00  36.370  36.378  0.0078  0.0005     6  0.0573  0.0000
 7450.00  36.352  36.361  0.0091  0.0002     6  0.0557  0.0000
 7500.00  36.331  36.342  0.0110  0.0003     6  0.0542  0.0000
 7550.00  36.307  36.313  0.0056  0.0006     6  0.0530  0.0000
 7600.00  36.282  36.293  0.0114  0.0009     2  0.0519  0.0000
 7700.00  36.226  36.227  0.0013  0.0021     6  0.0500  0.0000
 7750.00  36.196  36.195 -0.0010  0.0011     6  0.0492  0.0000
 7800.00  36.166  36.163 -0.0025  0.0005     6  0.0490  0.0000
 7850.00  36.135  36.134 -0.0014  0.0008     6  0.0494  0.0000
 7900.00  36.105  36.105 -0.0007  0.0004     6  0.0503  0.0000
 7950.00  36.076  36.073 -0.0022  0.0006     6  0.0513  0.0000
 8000.00  36.047  36.050  0.0034  0.0007     6  0.0522  0.0000
 8050.00  36.019  36.024  0.0052  0.0009     6  0.0528  0.0000
 8100.00  35.992  35.995  0.0026  0.0008     6  0.0530  0.0000
 8150.00  35.966  35.956 -0.0104  0.0021     6  0.0529  0.0000
 8200.00  35.941  35.933 -0.0083  0.0020     6  0.0527  0.0000
 8250.00  35.917  35.902 -0.0152  0.0008     6  0.0524  0.0000
 8300.00  35.894  35.887 -0.0070  0.0014     6  0.0517  0.0000
 8350.00  35.873  35.882  0.0088  0.0011     6  0.0506  0.0000
 8400.00  35.853  35.857  0.0045  0.0019     6  0.0488  0.0000
 8450.00  35.834  35.842  0.0079  0.0016     6  0.0460  0.0000
 8500.00  35.817  35.829  0.0122  0.0016     6  0.0427  0.0000
 8550.00  35.801  35.812  0.0110  0.0009     6  0.0392  0.0000
 8600.00  35.785  35.788  0.0027  0.0004     6  0.0358  0.0000
 8650.00  35.770  35.767 -0.0020  0.0006     6  0.0328  0.0000
 8700.00  35.753  35.742 -0.0111  0.0017     6  0.0303  0.0000
 8750.00  35.735  35.723 -0.0111  0.0015     6  0.0286  0.0000
 8800.00  35.714  35.711 -0.0025  0.0021     6  0.0275  0.0000
 8850.00  35.690  35.691  0.0014  0.0019     6  0.0272  0.0000
 8900.00  35.661  35.670  0.0089  0.0032     6  0.0274  0.0000
 8950.00  35.629  35.617 -0.0114  0.0017     6  0.0282  0.0000
 9000.00  35.590  35.566 -0.0245  0.0006     2  0.0295  0.0000
 9050.00  35.545  35.548  0.0024  0.0017     6  0.0312  0.0000
 9100.00  35.494  35.503  0.0095  0.0023     6  0.0332  0.0000
 9150.00  35.435  35.445  0.0097  0.0010     4  0.0354  0.0000
 9200.00  35.370  35.393  0.0225  0.0018     2  0.0379  0.0000
 9300.00  35.223  35.213 -0.0093  0.0092     3  0.0431  0.0000
 9400.00  35.055  35.042 -0.0132  0.0035     4  0.0481  0.0000
 9450.00  34.964  34.964 -0.0004  0.0052     4  0.0504  0.0000
 9500.00  34.870  34.867 -0.0029  0.0058     4  0.0524  0.0000
 9550.00  34.772  34.786  0.0140  0.0054     3  0.0541  0.0000
 9600.00  34.671  34.666 -0.0050  0.0042     2  0.0553  0.0000

NOAO/IRAF community V2.16.1+ snapshot javier@Mauros-MacBook.local Fri 04:07:48 16-Jul-2021
Sensitivity function for aperture 1:
Fitting function is spline3 of order 6 with 404 points and RMS of 0.0190.
       Image Airmass  Points   Shift RMS Fit   Dev 1   Dev 2   Dev 3
dc_obj1045.0001.fits   1.013      67  0.0000  0.0175  0.0038  0.0068  0.0116
dc_obj1046.0001.fits   1.018      67  0.0000  0.0182  0.0042  0.0062  0.0120
dc_obj1049.0001.fits   1.004      67  0.0000  0.0214 -0.0089 -0.0045 -0.0061
dc_obj1050.0001.fits   1.002      67  0.0000  0.0206 -0.0050 -0.0016 -0.0050
dc_obj1052.0001.fits   1.024      68  0.0000  0.0183 -0.0023  0.0004 -0.0024
dc_obj1053.0001   1.020      68  0.0000  0.0177 -0.0023  0.0000 -0.0071

  Lambda     Fit     Avg   Resid  SD Avg     N     Ext    Dext
 6250.00  36.308  36.309  0.0011  0.0042     6  0.1300  0.0000
 6300.00  36.329  36.327 -0.0014  0.0018     6  0.1246  0.0000
 6350.00  36.345  36.343 -0.0021  0.0023     6  0.1193  0.0000
 6400.00  36.358  36.359  0.0010  0.0009     6  0.1139  0.0000
 6450.00  36.367  36.370  0.0033  0.0024     6  0.1085  0.0000
 6500.00  36.373  36.377  0.0031  0.0021     6  0.1030  0.0000
 6550.00  36.378  36.372 -0.0061  0.0030     6  0.0975  0.0000
 6600.00  36.381  36.381  0.0005  0.0031     6  0.0920  0.0000
 6650.00  36.382  36.377 -0.0051  0.0019     6  0.0863  0.0000
 6700.00  36.384  36.379 -0.0047  0.0017     6  0.0806  0.0000
 6750.00  36.386  36.385 -0.0004  0.0013     6  0.0750  0.0000
 6800.00  36.388  36.390  0.0019  0.0019     6  0.0705  0.0000
 6850.00  36.392  36.396  0.0037  0.0031     6  0.0695  0.0000
 6900.00  36.396  36.421  0.0251  0.0022     6  0.0692  0.0000
 6950.00  36.400  36.406  0.0059  0.0024     6  0.0690  0.0000
 7000.00  36.404  36.404  0.0001  0.0020     6  0.0685  0.0000
 7050.00  36.407  36.404 -0.0030  0.0013     6  0.0679  0.0000
 7100.00  36.408  36.409  0.0005  0.0011     6  0.0670  0.0000
 7150.00  36.408  36.401 -0.0078  0.0030     6  0.0658  0.0000
 7200.00  36.406  36.387 -0.0190  0.0030     6  0.0643  0.0000
 7250.00  36.402  36.381 -0.0209  0.0039     6  0.0627  0.0000
 7300.00  36.394  36.380 -0.0141  0.0040     6  0.0609  0.0000
 7350.00  36.383  36.385  0.0015  0.0021     6  0.0591  0.0000
 7400.00  36.369  36.373  0.0036  0.0018     6  0.0573  0.0000
 7450.00  36.351  36.356  0.0045  0.0017     6  0.0557  0.0000
 7500.00  36.331  36.337  0.0059  0.0014     6  0.0542  0.0000
 7550.00  36.308  36.308  0.0001  0.0014     6  0.0530  0.0000
 7600.00  36.282  36.310  0.0276  0.0075     6  0.0519  0.0000
 7650.00  36.255  36.293  0.0377  0.0029     6  0.0509  0.0000
 7700.00  36.227  36.222 -0.0048  0.0025     6  0.0500  0.0000
 7750.00  36.197  36.190 -0.0072  0.0014     6  0.0492  0.0000
 7800.00  36.167  36.158 -0.0085  0.0015     6  0.0490  0.0000
 7850.00  36.136  36.129 -0.0071  0.0012     6  0.0494  0.0000
 7900.00  36.105  36.100 -0.0059  0.0013     6  0.0503  0.0000
 7950.00  36.075  36.069 -0.0067  0.0013     6  0.0513  0.0000
 8000.00  36.046  36.045 -0.0002  0.0019     6  0.0522  0.0000
 8050.00  36.017  36.019  0.0024  0.0013     6  0.0528  0.0000
 8100.00  35.989  35.990  0.0008  0.0020     6  0.0530  0.0000
 8150.00  35.962  35.951 -0.0111  0.0036     6  0.0529  0.0000
 8200.00  35.936  35.928 -0.0079  0.0033     6  0.0527  0.0000
 8250.00  35.911  35.897 -0.0139  0.0023     6  0.0524  0.0000
 8300.00  35.887  35.882 -0.0049  0.0024     6  0.0517  0.0000
 8350.00  35.865  35.877  0.0114  0.0009     6  0.0506  0.0000
 8400.00  35.845  35.852  0.0075  0.0024     6  0.0488  0.0000
 8450.00  35.826  35.837  0.0111  0.0016     6  0.0460  0.0000
 8500.00  35.809  35.824  0.0152  0.0024     6  0.0427  0.0000
 8550.00  35.793  35.807  0.0135  0.0023     6  0.0392  0.0000
 8600.00  35.779  35.783  0.0044  0.0018     6  0.0358  0.0000
 8650.00  35.764  35.763 -0.0013  0.0014     6  0.0328  0.0000
 8700.00  35.748  35.737 -0.0114  0.0026     6  0.0303  0.0000
 8750.00  35.731  35.718 -0.0124  0.0007     6  0.0286  0.0000
 8800.00  35.711  35.706 -0.0048  0.0021     6  0.0275  0.0000
 8850.00  35.688  35.686 -0.0018  0.0017     6  0.0272  0.0000
 8900.00  35.660  35.665  0.0051  0.0033     6  0.0274  0.0000
 8950.00  35.628  35.612 -0.0155  0.0031     6  0.0282  0.0000
 9000.00  35.589  35.554 -0.0351  0.0037     6  0.0295  0.0000
 9050.00  35.544  35.543 -0.0011  0.0029     6  0.0312  0.0000
 9100.00  35.491  35.498  0.0070  0.0031     6  0.0332  0.0000
 9150.00  35.431  35.446  0.0150  0.0051     6  0.0354  0.0000
 9200.00  35.364  35.406  0.0415  0.0057     6  0.0379  0.0000
 9250.00  35.292  35.339  0.0476  0.0037     6  0.0405  0.0000
 9300.00  35.213  35.228  0.0146  0.0105     6  0.0431  0.0000
 9350.00  35.130  35.063 -0.0669  0.0083     6  0.0456  0.0000
 9400.00  35.043  35.016 -0.0273  0.0127     6  0.0481  0.0000
 9450.00  34.952  34.940 -0.0119  0.0127     6  0.0504  0.0000
 9500.00  34.858  34.874  0.0154  0.0093     6  0.0524  0.0000
 9550.00  34.762  34.776  0.0137  0.0088     6  0.0541  0.0000
 9600.00  34.664  34.661 -0.0032  0.0040     2  0.0553  0.0000

