[dc_obj1045.0001.fits] 1 1176 400.00 1.013  6198.034  9620.615 cd-32 9927
 6250.00   1.8763E-13   50.000     1107109.
 6300.00   1.8297E-13   50.000     1109497.
 6350.00   1.8210E-13   50.000     1128408.
 6400.00   1.8026E-13   50.000     1132232.
 6450.00   1.7683E-13   50.000     1133574.
 6500.00   1.7125E-13   50.000     1106145.
 6550.00   1.4434E-13   50.000      938374.
 6600.00   1.6143E-13   50.000     1067057.
 6650.00   1.6666E-13   50.000     1098738.
 6700.00   1.6539E-13   50.000     1097778.
 6750.00   1.6220E-13   50.000     1088124.
 6800.00   1.5939E-13   50.000     1080397.
 6850.00   1.4945E-13   50.000     1016410.
 6900.00   1.3924E-13   50.000      972183.
 6950.00   1.4815E-13   50.000     1021313.
 7000.00   1.4604E-13   50.000     1003721.
 7050.00   1.4477E-13   50.000      992919.
 7100.00   1.4261E-13   50.000      983245.
 7150.00   1.3768E-13   50.000      948356.
 7200.00   1.2835E-13   50.000      875409.
 7250.00   1.2764E-13   50.000      869367.
 7300.00   1.2648E-13   50.000      861814.
 7350.00   1.2897E-13   50.000      880092.
 7400.00   1.2618E-13   50.000      851675.
 7450.00   1.2519E-13   50.000      833260.
 7500.00   1.2330E-13   50.000      805752.
 7550.00   1.2234E-13   50.000      778651.
 7600.00   7.8531E-14   50.000      505088.
 7650.00   8.6725E-14   50.000      542957.
 7700.00   1.1463E-13   50.000      678402.
 7750.00   1.1452E-13   50.000      657907.
 7800.00   1.1337E-13   50.000      633137.
 7850.00   1.1203E-13   50.000      607019.
 7900.00   1.0960E-13   50.000      577573.
 7950.00   1.0793E-13   50.000      552380.
 8000.00   1.0678E-13   50.000      535258.
 8050.00   1.0517E-13   50.000      513887.
 8100.00   1.0292E-13   50.000      490710.
 8150.00   9.6018E-14   50.000      443634.
 8200.00   9.4068E-14   50.000      424919.
 8250.00   9.4050E-14   50.000      412095.
 8300.00   9.3350E-14   50.000      404727.
 8350.00   9.3777E-14   50.000      401468.
 8400.00   9.3607E-14   50.000      394112.
 8450.00   9.1908E-14   50.000      382014.
 8500.00   9.0247E-14   50.000      373029.
 8550.00   8.8458E-14   50.000      361369.
 8600.00   8.7917E-14   50.000      351892.
 8650.00   8.5396E-14   50.000      336274.
 8700.00   8.7908E-14   50.000      339665.
 8750.00   8.1631E-14   50.000      307909.
 8800.00   8.7037E-14   50.000      325967.
 8850.00   7.8556E-14   50.000      289412.
 8900.00   8.3002E-14   50.000      300669.
 8950.00   8.0728E-14   50.000      278743.
 9000.00   6.7512E-14   50.000      221362.
 9050.00   7.4778E-14   50.000      242017.
 9100.00   7.3280E-14   50.000      226594.
 9150.00   7.2883E-14   50.000      216267.
 9200.00   6.9357E-14   50.000      196917.
 9250.00   6.5764E-14   50.000      173920.
 9300.00   6.1278E-14   50.000      148408.
 9350.00   4.7978E-14   50.000       99387.
 9400.00   5.6808E-14   50.000      113101.
 9450.00   5.2312E-14   50.000       95488.
 9500.00   5.2774E-14   50.000       91527.
 9550.00   4.7936E-14   50.000       74834.
[dc_obj1046.0001.fits] 1 1176 400.00 1.018  6198.034  9620.615 cd-32 9927
 6250.00   1.8763E-13   50.000     1105993.
 6300.00   1.8297E-13   50.000     1109043.
 6350.00   1.8210E-13   50.000     1126947.
 6400.00   1.8026E-13   50.000     1132385.
 6450.00   1.7683E-13   50.000     1134227.
 6500.00   1.7125E-13   50.000     1114903.
 6550.00   1.4434E-13   50.000      938963.
 6600.00   1.6143E-13   50.000     1067825.
 6650.00   1.6666E-13   50.000     1099409.
 6700.00   1.6539E-13   50.000     1096280.
 6750.00   1.6220E-13   50.000     1085349.
 6800.00   1.5939E-13   50.000     1079080.
 6850.00   1.4945E-13   50.000     1017521.
 6900.00   1.3924E-13   50.000      970286.
 6950.00   1.4815E-13   50.000     1020049.
 7000.00   1.4604E-13   50.000     1003514.
 7050.00   1.4477E-13   50.000      993214.
 7100.00   1.4261E-13   50.000      981436.
 7150.00   1.3768E-13   50.000      949563.
 7200.00   1.2835E-13   50.000      875425.
 7250.00   1.2764E-13   50.000      868988.
 7300.00   1.2648E-13   50.000      861699.
 7350.00   1.2897E-13   50.000      878772.
 7400.00   1.2618E-13   50.000      851263.
 7450.00   1.2519E-13   50.000      832280.
 7500.00   1.2330E-13   50.000      806619.
 7550.00   1.2234E-13   50.000      779814.
 7600.00   7.8531E-14   50.000      504887.
 7650.00   8.6725E-14   50.000      542487.
 7700.00   1.1463E-13   50.000      678490.
 7750.00   1.1452E-13   50.000      655988.
 7800.00   1.1337E-13   50.000      631363.
 7850.00   1.1203E-13   50.000      606036.
 7900.00   1.0960E-13   50.000      577819.
 7950.00   1.0793E-13   50.000      552683.
 8000.00   1.0678E-13   50.000      534839.
 8050.00   1.0517E-13   50.000      513293.
 8100.00   1.0292E-13   50.000      489580.
 8150.00   9.6018E-14   50.000      442946.
 8200.00   9.4068E-14   50.000      423376.
 8250.00   9.4050E-14   50.000      411753.
 8300.00   9.3350E-14   50.000      403049.
 8350.00   9.3777E-14   50.000      402136.
 8400.00   9.3607E-14   50.000      394935.
 8450.00   9.1908E-14   50.000      381807.
 8500.00   9.0247E-14   50.000      372888.
 8550.00   8.8458E-14   50.000      360607.
 8600.00   8.7917E-14   50.000      351124.
 8650.00   8.5396E-14   50.000      335229.
 8700.00   8.7908E-14   50.000      339169.
 8750.00   8.1631E-14   50.000      308723.
 8800.00   8.7037E-14   50.000      327036.
 8850.00   7.8556E-14   50.000      288890.
 8900.00   8.3002E-14   50.000      300082.
 8950.00   8.0728E-14   50.000      278703.
 9000.00   6.7512E-14   50.000      220889.
 9050.00   7.4778E-14   50.000      241179.
 9100.00   7.3280E-14   50.000      226715.
 9150.00   7.2883E-14   50.000      215862.
 9200.00   6.9357E-14   50.000      197113.
 9250.00   6.5764E-14   50.000      174267.
 9300.00   6.1278E-14   50.000      148858.
 9350.00   4.7978E-14   50.000       99126.
 9400.00   5.6808E-14   50.000      113468.
 9450.00   5.2312E-14   50.000       95775.
 9500.00   5.2774E-14   50.000       92094.
 9550.00   4.7936E-14   50.000       75110.
[dc_obj1049.0001.fits] 1 1176 600.00 1.004  6198.367  9619.987 ltt6248
 6250.00   6.1278E-14   50.000      536974.
 6300.00   5.9757E-14   50.000      538405.
 6350.00   6.0190E-14   50.000      552435.
 6400.00   5.9746E-14   50.000      562228.
 6450.00   5.9368E-14   50.000      564581.
 6500.00   5.8350E-14   50.000      561447.
 6550.00   5.3776E-14   50.000      517607.
 6600.00   5.7330E-14   50.000      560371.
 6650.00   5.7362E-14   50.000      560924.
 6700.00   5.6980E-14   50.000      562061.
 6750.00   5.6398E-14   50.000      562769.
 6800.00   5.5725E-14   50.000      560112.
 6850.00   5.2685E-14   50.000      529482.
 6900.00   4.9314E-14   50.000      513531.
 6950.00   5.2857E-14   50.000      538559.
 7000.00   5.2683E-14   50.000      537341.
 7050.00   5.2275E-14   50.000      533682.
 7100.00   5.1779E-14   50.000      532110.
 7150.00   5.0636E-14   50.000      515151.
 7200.00   4.7731E-14   50.000      481998.
 7250.00   4.7642E-14   50.000      476541.
 7300.00   4.7646E-14   50.000      480238.
 7350.00   4.8316E-14   50.000      488558.
 7400.00   4.8062E-14   50.000      481470.
 7450.00   4.7638E-14   50.000      470727.
 7500.00   4.7092E-14   50.000      458300.
 7550.00   4.6728E-14   50.000      443276.
 7600.00   3.0496E-14   50.000      283863.
 7650.00   3.3369E-14   50.000      316870.
 7700.00   4.4390E-14   50.000      391572.
 7750.00   4.4757E-14   50.000      383282.
 7800.00   4.4471E-14   50.000      369055.
 7850.00   4.4109E-14   50.000      355962.
 7900.00   4.3553E-14   50.000      341713.
 7950.00   4.3126E-14   50.000      328720.
 8000.00   4.2745E-14   50.000      317600.
 8050.00   4.2255E-14   50.000      308023.
 8100.00   4.1581E-14   50.000      293938.
 8150.00   3.9224E-14   50.000      266410.
 8200.00   3.9070E-14   50.000      259322.
 8250.00   3.8776E-14   50.000      251590.
 8300.00   3.8629E-14   50.000      248371.
 8350.00   3.8913E-14   50.000      249152.
 8400.00   3.8771E-14   50.000      242881.
 8450.00   3.8562E-14   50.000      239531.
 8500.00   3.8074E-14   50.000      233666.
 8550.00   3.7388E-14   50.000      226048.
 8600.00   3.7262E-14   50.000      221322.
 8650.00   3.6529E-14   50.000      213976.
 8700.00   3.6613E-14   50.000      209807.
 8750.00   3.5830E-14   50.000      202836.
 8800.00   3.5719E-14   50.000      200479.
 8850.00   3.4768E-14   50.000      191644.
 8900.00   3.4505E-14   50.000      186822.
 8950.00   3.3100E-14   50.000      168376.
 9000.00   3.0520E-14   50.000      147080.
 9050.00   3.2135E-14   50.000      153646.
 9100.00   3.0802E-14   50.000      141136.
 9150.00   3.0327E-14   50.000      131296.
 9200.00   3.0528E-14   50.000      129121.
 9250.00   3.0087E-14   50.000      119585.
 9300.00   2.5996E-14   50.000       89818.
 9350.00   2.0561E-14   50.000       61455.
 9400.00   2.4435E-14   50.000       72367.
 9450.00   2.2584E-14   50.000       58110.
 9500.00   2.3143E-14   50.000       57389.
 9550.00   2.2965E-14   50.000       53886.
[dc_obj1050.0001.fits] 1 1176 600.00 1.002  6198.367  9619.987 ltt6248
 6250.00   6.1278E-14   50.000      540995.
 6300.00   5.9757E-14   50.000      541052.
 6350.00   6.0190E-14   50.000      554544.
 6400.00   5.9746E-14   50.000      563661.
 6450.00   5.9368E-14   50.000      565444.
 6500.00   5.8350E-14   50.000      564097.
 6550.00   5.3776E-14   50.000      524950.
 6600.00   5.7330E-14   50.000      561036.
 6650.00   5.7362E-14   50.000      563539.
 6700.00   5.6980E-14   50.000      562485.
 6750.00   5.6398E-14   50.000      564228.
 6800.00   5.5725E-14   50.000      561842.
 6850.00   5.2685E-14   50.000      532206.
 6900.00   4.9314E-14   50.000      514845.
 6950.00   5.2857E-14   50.000      540931.
 7000.00   5.2683E-14   50.000      538036.
 7050.00   5.2275E-14   50.000      536301.
 7100.00   5.1779E-14   50.000      533509.
 7150.00   5.0636E-14   50.000      515375.
 7200.00   4.7731E-14   50.000      483369.
 7250.00   4.7642E-14   50.000      478054.
 7300.00   4.7646E-14   50.000      481943.
 7350.00   4.8316E-14   50.000      489637.
 7400.00   4.8062E-14   50.000      483376.
 7450.00   4.7638E-14   50.000      472226.
 7500.00   4.7092E-14   50.000      459303.
 7550.00   4.6728E-14   50.000      443611.
 7600.00   3.0496E-14   50.000      285236.
 7650.00   3.3369E-14   50.000      317304.
 7700.00   4.4390E-14   50.000      392896.
 7750.00   4.4757E-14   50.000      383193.
 7800.00   4.4471E-14   50.000      370245.
 7850.00   4.4109E-14   50.000      356815.
 7900.00   4.3553E-14   50.000      342908.
 7950.00   4.3126E-14   50.000      330110.
 8000.00   4.2745E-14   50.000      319075.
 8050.00   4.2255E-14   50.000      308377.
 8100.00   4.1581E-14   50.000      294716.
 8150.00   3.9224E-14   50.000      266993.
 8200.00   3.9070E-14   50.000      260316.
 8250.00   3.8776E-14   50.000      251903.
 8300.00   3.8629E-14   50.000      248245.
 8350.00   3.8913E-14   50.000      249878.
 8400.00   3.8771E-14   50.000      244669.
 8450.00   3.8562E-14   50.000      240251.
 8500.00   3.8074E-14   50.000      234878.
 8550.00   3.7388E-14   50.000      226945.
 8600.00   3.7262E-14   50.000      221574.
 8650.00   3.6529E-14   50.000      213949.
 8700.00   3.6613E-14   50.000      210431.
 8750.00   3.5830E-14   50.000      203205.
 8800.00   3.5719E-14   50.000      200744.
 8850.00   3.4768E-14   50.000      191729.
 8900.00   3.4505E-14   50.000      187394.
 8950.00   3.3100E-14   50.000      168740.
 9000.00   3.0520E-14   50.000      146900.
 9050.00   3.2135E-14   50.000      154064.
 9100.00   3.0802E-14   50.000      142009.
 9150.00   3.0327E-14   50.000      131414.
 9200.00   3.0528E-14   50.000      129273.
 9250.00   3.0087E-14   50.000      119565.
 9300.00   2.5996E-14   50.000       89329.
 9350.00   2.0561E-14   50.000       60788.
 9400.00   2.4435E-14   50.000       71573.
 9450.00   2.2584E-14   50.000       59755.
 9500.00   2.3143E-14   50.000       57873.
 9550.00   2.2965E-14   50.000       52882.
[dc_obj1052.0001.fits] 1 1176 500.00 1.024  6198.641  9633.251 eg274
 6250.00   8.7682E-14   50.000      654944.
 6300.00   8.4955E-14   50.000      642392.
 6350.00   8.3853E-14   50.000      646917.
 6400.00   8.1792E-14   50.000      643991.
 6450.00   7.8406E-14   50.000      626847.
 6500.00   7.2986E-14   50.000      587794.
 6550.00   5.9345E-14   50.000      475899.
 6600.00   6.4622E-14   50.000      526470.
 6650.00   6.9667E-14   50.000      570724.
 6700.00   6.9586E-14   50.000      574173.
 6750.00   6.8118E-14   50.000      567861.
 6800.00   6.6443E-14   50.000      558505.
 6850.00   6.1786E-14   50.000      526264.
 6900.00   5.7302E-14   50.000      493677.
 6950.00   6.0186E-14   50.000      514878.
 7000.00   5.9112E-14   50.000      505031.
 7050.00   5.7848E-14   50.000      494141.
 7100.00   5.6358E-14   50.000      485087.
 7150.00   5.4357E-14   50.000      463502.
 7200.00   5.0676E-14   50.000      425671.
 7250.00   4.9842E-14   50.000      417116.
 7300.00   4.9570E-14   50.000      412527.
 7350.00   4.9034E-14   50.000      414160.
 7400.00   4.8151E-14   50.000      402839.
 7450.00   4.7115E-14   50.000      389195.
 7500.00   4.5978E-14   50.000      373659.
 7550.00   4.4955E-14   50.000      356620.
 7600.00   2.8750E-14   50.000      231828.
 7650.00   3.1171E-14   50.000      242926.
 7700.00   4.1427E-14   50.000      302656.
 7750.00   4.1197E-14   50.000      292704.
 7800.00   4.0260E-14   50.000      278817.
 7850.00   3.9240E-14   50.000      264899.
 7900.00   3.8143E-14   50.000      250221.
 7950.00   3.7388E-14   50.000      237636.
 8000.00   3.6382E-14   50.000      227091.
 8050.00   3.5766E-14   50.000      217650.
 8100.00   3.4778E-14   50.000      205931.
 8150.00   3.2178E-14   50.000      183778.
 8200.00   3.1669E-14   50.000      177138.
 8250.00   3.1114E-14   50.000      168973.
 8300.00   3.0712E-14   50.000      164528.
 8350.00   3.0739E-14   50.000      163857.
 8400.00   3.0571E-14   50.000      159044.
 8450.00   2.9796E-14   50.000      153750.
 8500.00   2.9149E-14   50.000      148595.
 8550.00   2.8467E-14   50.000      143985.
 8600.00   2.7904E-14   50.000      138725.
 8650.00   2.7305E-14   50.000      133285.
 8700.00   2.6695E-14   50.000      126815.
 8750.00   2.6077E-14   50.000      122988.
 8800.00   2.5334E-14   50.000      117650.
 8850.00   2.4750E-14   50.000      112873.
 8900.00   2.4204E-14   50.000      107945.
 8950.00   2.2606E-14   50.000       96573.
 9000.00   2.0844E-14   50.000       84300.
 9050.00   2.1507E-14   50.000       85873.
 9100.00   2.0389E-14   50.000       78085.
 9150.00   1.9744E-14   50.000       71607.
 9200.00   2.0003E-14   50.000       69087.
 9250.00   1.9733E-14   50.000       64198.
 9300.00   1.6539E-14   50.000       49774.
 9350.00   1.2573E-14   50.000       32082.
 9400.00   1.5375E-14   50.000       35893.
 9450.00   1.3621E-14   50.000       31421.
 9500.00   1.3665E-14   50.000       29130.
 9550.00   1.3927E-14   50.000       27318.
 9600.00   1.4405E-14   50.000       24874.
[dc_obj1053.0001] 1 1176 500.00 1.020  6198.641  9633.251 eg274
 6250.00   8.7682E-14   50.000      656130.
 6300.00   8.4955E-14   50.000      643411.
 6350.00   8.3853E-14   50.000      647503.
 6400.00   8.1792E-14   50.000      643633.
 6450.00   7.8406E-14   50.000      627622.
 6500.00   7.2986E-14   50.000      589120.
 6550.00   5.9345E-14   50.000      475405.
 6600.00   6.4622E-14   50.000      525753.
 6650.00   6.9667E-14   50.000      570452.
 6700.00   6.9586E-14   50.000      575543.
 6750.00   6.8118E-14   50.000      569031.
 6800.00   6.6443E-14   50.000      559174.
 6850.00   6.1786E-14   50.000      525673.
 6900.00   5.7302E-14   50.000      493652.
 6950.00   6.0186E-14   50.000      514350.
 7000.00   5.9112E-14   50.000      504333.
 7050.00   5.7848E-14   50.000      493983.
 7100.00   5.6358E-14   50.000      484365.
 7150.00   5.4357E-14   50.000      463411.
 7200.00   5.0676E-14   50.000      424798.
 7250.00   4.9842E-14   50.000      417740.
 7300.00   4.9570E-14   50.000      413305.
 7350.00   4.9034E-14   50.000      415205.
 7400.00   4.8151E-14   50.000      403359.
 7450.00   4.7115E-14   50.000      389115.
 7500.00   4.5978E-14   50.000      373990.
 7550.00   4.4955E-14   50.000      357066.
 7600.00   2.8750E-14   50.000      232074.
 7650.00   3.1171E-14   50.000      242693.
 7700.00   4.1427E-14   50.000      301862.
 7750.00   4.1197E-14   50.000      294404.
 7800.00   4.0260E-14   50.000      278690.
 7850.00   3.9240E-14   50.000      265490.
 7900.00   3.8143E-14   50.000      250405.
 7950.00   3.7388E-14   50.000      238189.
 8000.00   3.6382E-14   50.000      226942.
 8050.00   3.5766E-14   50.000      216574.
 8100.00   3.4778E-14   50.000      204931.
 8150.00   3.2178E-14   50.000      182808.
 8200.00   3.1669E-14   50.000      177641.
 8250.00   3.1114E-14   50.000      168975.
 8300.00   3.0712E-14   50.000      163768.
 8350.00   3.0739E-14   50.000      164546.
 8400.00   3.0571E-14   50.000      159048.
 8450.00   2.9796E-14   50.000      153263.
 8500.00   2.9149E-14   50.000      148716.
 8550.00   2.8467E-14   50.000      143593.
 8600.00   2.7904E-14   50.000      138514.
 8650.00   2.7305E-14   50.000      133505.
 8700.00   2.6695E-14   50.000      127467.
 8750.00   2.6077E-14   50.000      122682.
 8800.00   2.5334E-14   50.000      117405.
 8850.00   2.4750E-14   50.000      112804.
 8900.00   2.4204E-14   50.000      107514.
 8950.00   2.2606E-14   50.000       96872.
 9000.00   2.0844E-14   50.000       84457.
 9050.00   2.1507E-14   50.000       85425.
 9100.00   2.0389E-14   50.000       77274.
 9150.00   1.9744E-14   50.000       71698.
 9200.00   2.0003E-14   50.000       68743.
 9250.00   1.9733E-14   50.000       64089.
 9300.00   1.6539E-14   50.000       49044.
 9350.00   1.2573E-14   50.000       32230.
 9400.00   1.5375E-14   50.000       35784.
 9450.00   1.3621E-14   50.000       31633.
 9500.00   1.3665E-14   50.000       28495.
 9550.00   1.3927E-14   50.000       25832.
 9600.00   1.4405E-14   50.000       25141.
