# Wed 13:12:30 23-Jun-2021
begin	identify comp1044.0001 - Ap 1
	id	comp1044.0001
	task	identify
	image	comp1044.0001 - Ap 1
	aperture	1
	aplow	127.38
	aphigh	137.38
	units	Angstroms
	features	39
	          7.86 6217.24035  6217.2813   4.0 1 1 NeI(1)
	         25.14 6266.55226   6266.495   4.0 1 1 NeI(5)
	         38.53 6304.78982  6304.7892   4.0 1 1 NeI
	         48.89 6334.39063  6334.4279   4.0 1 1 NeI(1)
	         65.89 6383.01755  6382.9914   4.0 1 1 NeI(3)
	         72.61 6402.21602   6402.246   4.0 1 1 NeI(1)
	        109.04 6506.54776  6506.5279   4.0 1 1 NeI(3)
	        118.23 6532.90793  6532.8824   4.0 1 1 NeI
	        141.27 6598.99274  6598.9529   4.0 1 1 NeI(6)
	        168.87 6678.25707     6678.2   4.0 1 1 blend HeI 6678.149 with NeI 6678.2764
	        182.37 6717.04783  6717.0428   4.0 1 1 NeI
	        194.76 6752.68369   6752.832   4.0 1 1 AI(11)
	        236.00 6871.37668    6871.29   4.0 1 1 AI
	        256.18 6929.51269   6929.468   4.0 1 1 NeI(6)
	        268.61 6965.35851    6965.43   4.0 1 1 AI(1)
	        291.83 7032.34966  7032.4127   4.0 1 1 NeI(1)
	        331.53 7146.99318   7147.041   4.0 1 1 AI(1)
	        340.85 7173.92202   7173.939   4.0 1 1 NeI(6)
	        365.47 7245.11497   7245.167   4.0 1 1 NeI(3)
	        375.08 7272.90272   7272.936   4.0 1 1 AI
	        413.43 7383.94359    7383.98   4.0 1 1 AI
	        432.37 7438.85135   7438.899   4.0 1 1 NeI
	        449.66 7488.98042   7488.872   4.0 1 1 NeI
	        454.82 7503.94337   7503.867   4.0 1 1 AI(8)
	        465.87 7536.01027   7535.775   4.0 1 1 NeI
	        499.97 7635.04335   7635.105   4.0 1 1 AI(1)
	        530.57 7723.98711     7723.8   4.0 1 1 blend AI(1) 7723.760 and AI(6) 7724.206
	        587.91 7890.93651   7891.075   4.0 1 1 AI
	        607.47 7947.95415   7948.175   4.0 1 1 AI(6)
	        664.83 8115.32644   8115.311   4.0 1 1 AI(1)
	        754.58 8377.67958   8377.607   4.0 1 1 NeI(12)
	        794.82 8495.40586    8495.36   4.0 1 1 NeI(18)
	        803.69 8521.34402   8521.441   4.0 1 1 AI(8)
	        842.39  8634.6044   8634.648   4.0 1 1 NeI(23)
	        849.13  8654.3214   8654.383   4.0 1 1 NeI(33)
	        892.37 8780.85597   8780.622   4.0 1 1 NeI(27)
	        992.61 9075.23517    9075.42   4.0 1 1 AI
	       1008.72 9122.93821   9122.966   4.0 1 1 AI(1)
	       1017.43 9148.80322    9148.68   4.0 1 1 NeI(30)
	function spline3
	order 4
	sample *
	naverage 1
	niterate 10
	low_reject 3.
	high_reject 3.
	grow 0.
	coefficients	11
		3.
		4.
		1.
		1176.
		894.0050583835448
		1032.605510606126
		1173.237530689731
		1315.208571520091
		1458.577861233914
		1601.718453666926
		1766.809887678621

