# Wed 13:28:04 23-Jun-2021
begin	identify comp1048.0001 - Ap 1
	id	comp1048.0001
	task	identify
	image	comp1048.0001 - Ap 1
	aperture	1
	aplow	127.38
	aphigh	137.38
	units	Angstroms
	features	39
	          7.73 6217.23646  6217.2813   4.0 1 1 NeI(1)
	         25.02 6266.56737   6266.495   4.0 1 1 NeI(5)
	         38.41 6304.81471  6304.7892   4.0 1 1 NeI
	         48.76 6334.36791  6334.4279   4.0 1 1 NeI(1)
	         65.76  6382.9867  6382.9914   4.0 1 1 NeI(3)
	         72.49 6402.23938   6402.246   4.0 1 1 NeI(1)
	        108.91  6506.5171  6506.5279   4.0 1 1 NeI(3)
	        118.11  6532.9028  6532.8824   4.0 1 1 NeI
	        141.16 6598.99899  6598.9529   4.0 1 1 NeI(6)
	        168.74 6678.21442     6678.2   4.0 1 1 blend HeI 6678.149 with NeI 6678.2764
	        182.26 6717.06582  6717.0428   4.0 1 1 NeI
	        194.69 6752.78382   6752.832   4.0 1 1 AI(11)
	        235.87 6871.33335    6871.29   4.0 1 1 AI
	        256.06 6929.48693   6929.468   4.0 1 1 NeI(6)
	        268.51 6965.38307    6965.43   4.0 1 1 AI(1)
	        291.71 7032.31859  7032.4127   4.0 1 1 NeI(1)
	        331.46 7147.09173   7147.041   4.0 1 1 AI(1)
	        340.73 7173.88453   7173.939   4.0 1 1 NeI(6)
	        365.37  7245.1481   7245.167   4.0 1 1 NeI(3)
	        374.93 7272.80832   7272.936   4.0 1 1 AI
	        413.33  7383.9788    7383.98   4.0 1 1 AI
	        432.27 7438.87816   7438.899   4.0 1 1 NeI
	        449.55 7488.99771   7488.872   4.0 1 1 NeI
	        454.69 7503.90822   7503.867   4.0 1 1 AI(8)
	        465.75 7535.98959   7535.775   4.0 1 1 NeI
	        499.84 7634.98124   7635.105   4.0 1 1 AI(1)
	        530.47 7724.00714     7723.8   4.0 1 1 blend AI(1) 7723.760 and AI(6) 7724.206
	        587.85 7891.05247   7891.075   4.0 1 1 AI
	        607.37 7947.93212   7948.175   4.0 1 1 AI(6)
	        664.72 8115.25472   8115.311   4.0 1 1 AI(1)
	        754.48 8377.65329   8377.607   4.0 1 1 NeI(12)
	        794.71 8495.39347    8495.36   4.0 1 1 NeI(18)
	        803.58 8521.36557   8521.441   4.0 1 1 AI(8)
	        842.29 8634.73477   8634.648   4.0 1 1 NeI(23)
	        849.00 8654.40294   8654.383   4.0 1 1 NeI(33)
	        892.27    8781.23   8780.622   4.0 1 0 NeI(27)
	        992.44 9075.34779    9075.42   4.0 1 1 AI
	       1008.62 9122.98369   9122.966   4.0 1 1 AI(1)
	       1017.34 9148.70471    9148.68   4.0 1 1 NeI(30)
	function spline3
	order 4
	sample *
	naverage 1
	niterate 10
	low_reject 3.
	high_reject 3.
	grow 0.
	coefficients	11
		3.
		4.
		1.
		1176.
		894.0926605376981
		1032.662831408318
		1173.289768899026
		1315.267521223495
		1458.578138231081
		1602.269506665238
		1752.958959307042

