# Wed 13:36:39 23-Jun-2021
begin	identify comp1057.0001 - Ap 1
	id	comp1057.0001
	task	identify
	image	comp1057.0001 - Ap 1
	aperture	1
	aplow	127.38
	aphigh	137.38
	units	Angstroms
	features	39
	          7.68 6217.22111  6217.2813   4.0 1 1 NeI(1)
	         24.97 6266.54063   6266.495   4.0 1 1 NeI(5)
	         38.38  6304.8382  6304.7892   4.0 1 1 NeI
	         48.72 6334.38911  6334.4279   4.0 1 1 NeI(1)
	         65.72 6383.00403  6382.9914   4.0 1 1 NeI(3)
	         72.45 6402.24639   6402.246   4.0 1 1 NeI(1)
	        108.86  6506.5068  6506.5279   4.0 1 1 NeI(3)
	        118.06 6532.89128  6532.8824   4.0 1 1 NeI
	        141.11 6598.99171  6598.9529   4.0 1 1 NeI(6)
	        168.70 6678.22678     6678.2   4.0 1 1 blend HeI 6678.149 with NeI 6678.2764
	        182.21 6717.06131  6717.0428   4.0 1 1 NeI
	        194.65 6752.82832   6752.832   4.0 1 1 AI(11)
	        235.80 6871.25789    6871.29   4.0 1 1 AI
	        256.01 6929.48009   6929.468   4.0 1 1 NeI(6)
	        268.46 6965.39255    6965.43   4.0 1 1 AI(1)
	        291.67 7032.32244  7032.4127   4.0 1 1 NeI(1)
	        331.39 7147.04168   7147.041   4.0 1 1 AI(1)
	        340.69 7173.91264   7173.939   4.0 1 1 NeI(6)
	        365.33 7245.15616   7245.167   4.0 1 1 NeI(3)
	        374.89 7272.81811   7272.936   4.0 1 1 AI
	        413.28 7383.97465    7383.98   4.0 1 1 AI
	        432.23 7438.89191   7438.899   4.0 1 1 NeI
	        449.52 7489.02092   7488.872   4.0 1 1 NeI
	        454.66 7503.92176   7503.867   4.0 1 1 AI(8)
	        465.71  7536.0085   7535.775   4.0 1 1 NeI
	        499.79 7634.97004   7635.105   4.0 1 1 AI(1)
	        530.43 7724.01324     7723.8   4.0 1 1 blend AI(1) 7723.760 and AI(6) 7724.206
	        587.78 7890.96417   7891.075   4.0 1 1 AI
	        607.33 7947.97069   7948.175   4.0 1 1 AI(6)
	        664.67 8115.27904   8115.311   4.0 1 1 AI(1)
	        754.45 8377.68783   8377.607   4.0 1 1 NeI(12)
	        794.67 8495.38393    8495.36   4.0 1 1 NeI(18)
	        803.55 8521.34971   8521.441   4.0 1 1 AI(8)
	        842.24  8634.6141   8634.648   4.0 1 1 NeI(23)
	        848.95 8654.26988   8654.383   4.0 1 1 NeI(33)
	        892.22 8780.94894   8780.622   4.0 1 1 NeI(27)
	        992.40 9075.14266    9075.42   4.0 1 1 AI
	       1008.58  9122.9823   9122.966   4.0 1 1 AI(1)
	       1017.30   9148.817    9148.68   4.0 1 1 NeI(30)
	function spline3
	order 4
	sample *
	naverage 1
	niterate 10
	low_reject 3.
	high_reject 3.
	grow 0.
	coefficients	11
		3.
		4.
		1.
		1176.
		894.1027359740736
		1032.686529000305
		1173.31296870967
		1315.282652130556
		1458.629315874412
		1601.946146091405
		1762.804824512066

