# Wed 13:44:24 23-Jun-2021
begin	identify comp1063.0001 - Ap 1
	id	comp1063.0001
	task	identify
	image	comp1063.0001 - Ap 1
	aperture	1
	aplow	127.38
	aphigh	137.38
	units	Angstroms
	features	39
	          7.49 6217.25346  6217.2813   4.0 1 1 NeI(1)
	         24.74 6266.48088   6266.495   4.0 1 1 NeI(5)
	         38.17 6304.84108  6304.7892   4.0 1 1 NeI
	         48.52 6334.40044  6334.4279   4.0 1 1 NeI(1)
	         65.52  6383.0134  6382.9914   4.0 1 1 NeI(3)
	         72.26 6402.28954   6402.246   4.0 1 1 NeI(1)
	        108.65 6506.49374  6506.5279   4.0 1 1 NeI(3)
	        117.84 6532.85248  6532.8824   4.0 1 1 NeI
	        140.88   6598.946  6598.9529   4.0 1 1 NeI(6)
	        168.50 6678.25857     6678.2   4.0 1 1 blend HeI 6678.149 with NeI 6678.2764
	        182.01 6717.06355  6717.0428   4.0 1 1 NeI
	        194.45 6752.82412   6752.832   4.0 1 1 AI(11)
	        235.61 6871.29179    6871.29   4.0 1 1 AI
	        255.79 6929.43092   6929.468   4.0 1 1 NeI(6)
	        268.28 6965.43354    6965.43   4.0 1 1 AI(1)
	        291.48 7032.36466  7032.4127   4.0 1 1 NeI(1)
	        331.21 7147.07291   7147.041   4.0 1 1 AI(1)
	        340.50 7173.93976   7173.939   4.0 1 1 NeI(6)
	        365.14  7245.1775   7245.167   4.0 1 1 NeI(3)
	        374.67 7272.72971   7272.936   4.0 1 1 AI
	        413.08 7383.93969    7383.98   4.0 1 1 AI
	        432.02 7438.83293   7438.899   4.0 1 1 NeI
	        449.34 7489.04681   7488.872   4.0 1 1 NeI
	        454.48 7503.94617   7503.867   4.0 1 1 AI(8)
	        465.53 7536.01275   7535.775   4.0 1 1 NeI
	        499.60 7634.94366   7635.105   4.0 1 1 AI(1)
	        530.25  7724.0277     7723.8   4.0 1 1 blend AI(1) 7723.760 and AI(6) 7724.206
	        587.60 7890.97399   7891.075   4.0 1 1 AI
	        607.15 7947.94436   7948.175   4.0 1 1 AI(6)
	        664.50  8115.2976   8115.311   4.0 1 1 AI(1)
	        754.28 8377.73585   8377.607   4.0 1 1 NeI(12)
	        794.51 8495.43411    8495.36   4.0 1 1 NeI(18)
	        803.37 8521.38454   8521.441   4.0 1 1 AI(8)
	        842.05 8634.57784   8634.648   4.0 1 1 NeI(23)
	        848.75 8654.19975   8654.383   4.0 1 1 NeI(33)
	        892.03 8780.89444   8780.622   4.0 1 1 NeI(27)
	        992.27 9075.23524    9075.42   4.0 1 1 AI
	       1008.42 9123.00354   9122.966   4.0 1 1 AI(1)
	       1017.11 9148.74947    9148.68   4.0 1 1 NeI(30)
	function spline3
	order 4
	sample *
	naverage 1
	niterate 10
	low_reject 3.
	high_reject 3.
	grow 0.
	coefficients	11
		3.
		4.
		1.
		1176.
		894.1713546760698
		1032.785918165001
		1173.413771701441
		1315.362177176579
		1458.732621835062
		1601.969493379435
		1763.939056430206

