# Wed 13:48:47 23-Jun-2021
begin	identify comp1081.0001 - Ap 1
	id	comp1081.0001
	task	identify
	image	comp1081.0001 - Ap 1
	aperture	1
	aplow	127.38
	aphigh	137.38
	units	Angstroms
	features	39
	          7.53 6217.21676  6217.2813   4.0 1 1 NeI(1)
	         24.80 6266.50221   6266.495   4.0 1 1 NeI(5)
	         38.24 6304.87274  6304.7892   4.0 1 1 NeI
	         48.56  6334.3805  6334.4279   4.0 1 1 NeI(1)
	         65.57 6383.00647  6382.9914   4.0 1 1 NeI(3)
	         72.31 6402.29159   6402.246   4.0 1 1 NeI(1)
	        108.70 6506.50482  6506.5279   4.0 1 1 NeI(3)
	        117.90 6532.87903  6532.8824   4.0 1 1 NeI
	        140.94 6598.97711  6598.9529   4.0 1 1 NeI(6)
	        168.55 6678.25815     6678.2   4.0 1 1 blend HeI 6678.149 with NeI 6678.2764
	        182.07 6717.08438  6717.0428   4.0 1 1 NeI
	        194.47 6752.74921   6752.832   4.0 1 1 AI(11)
	        235.64 6871.23698    6871.29   4.0 1 1 AI
	        255.84 6929.43698   6929.468   4.0 1 1 NeI(6)
	        268.33 6965.44461    6965.43   4.0 1 1 AI(1)
	        291.53 7032.34929  7032.4127   4.0 1 1 NeI(1)
	        331.27 7147.08784   7147.041   4.0 1 1 AI(1)
	        340.55 7173.91499   7173.939   4.0 1 1 NeI(6)
	        365.20 7245.18915   7245.167   4.0 1 1 NeI(3)
	        374.74 7272.78144   7272.936   4.0 1 1 AI
	        413.14 7383.95052    7383.98   4.0 1 1 AI
	        432.09  7438.8708   7438.899   4.0 1 1 NeI
	        449.39 7489.03196   7488.872   4.0 1 1 NeI
	        454.53 7503.93333   7503.867   4.0 1 1 AI(8)
	        465.58 7535.99388   7535.775   4.0 1 1 NeI
	        499.66 7634.94367   7635.105   4.0 1 1 AI(1)
	        530.30 7724.01871     7723.8   4.0 1 1 blend AI(1) 7723.760 and AI(6) 7724.206
	        587.66  7890.9853   7891.075   4.0 1 1 AI
	        607.21 7947.96603   7948.175   4.0 1 1 AI(6)
	        664.55 8115.27593   8115.311   4.0 1 1 AI(1)
	        754.33 8377.70491   8377.607   4.0 1 1 NeI(12)
	        794.55     8495.4    8495.36   4.0 1 1 NeI(18)
	        803.43 8521.37137   8521.441   4.0 1 1 AI(8)
	        842.11 8634.60951   8634.648   4.0 1 1 NeI(23)
	        848.81 8654.21828   8654.383   4.0 1 1 NeI(33)
	        892.09  8780.9458   8780.622   4.0 1 1 NeI(27)
	        992.27 9075.14606    9075.42   4.0 1 1 AI
	       1008.48 9123.04191   9122.966   4.0 1 1 AI(1)
	       1017.17 9148.76626    9148.68   4.0 1 1 NeI(30)
	function spline3
	order 4
	sample *
	naverage 1
	niterate 10
	low_reject 3.
	high_reject 3.
	grow 0.
	coefficients	11
		3.
		4.
		1.
		1176.
		894.1280666405093
		1032.767460598469
		1173.384851814736
		1315.339366996152
		1458.687890924685
		1602.049794158926
		1761.594933679447

