# Wed 13:47:05 23-Jun-2021
begin	identify comp1072.0001 - Ap 1
	id	comp1072.0001
	task	identify
	image	comp1072.0001 - Ap 1
	aperture	1
	aplow	127.38
	aphigh	137.38
	units	Angstroms
	features	39
	          7.63 6217.23618  6217.2813   4.0 1 1 NeI(1)
	         24.90 6266.51949   6266.495   4.0 1 1 NeI(5)
	         38.32 6304.84869  6304.7892   4.0 1 1 NeI
	         48.65 6334.37977  6334.4279   4.0 1 1 NeI(1)
	         65.65 6382.99518  6382.9914   4.0 1 1 NeI(3)
	         72.39 6402.26613   6402.246   4.0 1 1 NeI(1)
	        108.79 6506.49242  6506.5279   4.0 1 1 NeI(3)
	        118.00 6532.89452  6532.8824   4.0 1 1 NeI
	        141.04 6598.98702  6598.9529   4.0 1 1 NeI(6)
	        168.64 6678.23384     6678.2   4.0 1 1 blend HeI 6678.149 with NeI 6678.2764
	        182.16 6717.09175  6717.0428   4.0 1 1 NeI
	        194.57 6752.76744   6752.832   4.0 1 1 AI(11)
	        235.75 6871.28892    6871.29   4.0 1 1 AI
	        255.94 6929.45788   6929.468   4.0 1 1 NeI(6)
	        268.41 6965.40663    6965.43   4.0 1 1 AI(1)
	        291.61 7032.31753  7032.4127   4.0 1 1 NeI(1)
	        331.38 7147.14894   7147.041   4.0 1 1 AI(1)
	        340.63 7173.87557   7173.939   4.0 1 1 NeI(6)
	        365.28 7245.15436   7245.167   4.0 1 1 NeI(3)
	        374.85 7272.83384   7272.936   4.0 1 1 AI
	        413.23 7383.94443    7383.98   4.0 1 1 AI
	        432.19 7438.89317   7438.899   4.0 1 1 NeI
	        449.47 7489.00913   7488.872   4.0 1 1 NeI
	        454.61 7503.90395   7503.867   4.0 1 1 AI(8)
	        465.65  7535.9594   7535.775   4.0 1 1 NeI
	        499.74 7634.94866   7635.105   4.0 1 1 AI(1)
	        530.38 7724.00977     7723.8   4.0 1 1 blend AI(1) 7723.760 and AI(6) 7724.206
	        587.76 7891.03982   7891.075   4.0 1 1 AI
	        607.29 7947.96078   7948.175   4.0 1 1 AI(6)
	        664.63 8115.28469   8115.311   4.0 1 1 AI(1)
	        754.42 8377.70022   8377.607   4.0 1 1 NeI(12)
	        794.64 8495.38819    8495.36   4.0 1 1 NeI(18)
	        803.51 8521.35116   8521.441   4.0 1 1 AI(8)
	        842.21    8634.63   8634.648   4.0 1 1 NeI(23)
	        848.91  8654.2315   8654.383   4.0 1 1 NeI(33)
	        892.19 8780.92804   8780.622   4.0 1 1 NeI(27)
	        992.38 9075.17416    9075.42   4.0 1 1 AI
	       1008.56 9122.99927   9122.966   4.0 1 1 AI(1)
	       1017.26 9148.78608    9148.68   4.0 1 1 NeI(30)
	function spline3
	order 4
	sample *
	naverage 1
	niterate 10
	low_reject 3.
	high_reject 3.
	grow 0.
	coefficients	11
		3.
		4.
		1.
		1176.
		894.0861740533447
		1032.727642133155
		1173.336598568712
		1315.301589673051
		1458.646800061406
		1601.946417669256
		1763.143055548704

