# Wed 13:33:22 23-Jun-2021
begin	identify comp1054.0001 - Ap 1
	id	comp1054.0001
	task	identify
	image	comp1054.0001 - Ap 1
	aperture	1
	aplow	127.38
	aphigh	137.38
	units	Angstroms
	features	39
	          7.52 6217.24988  6217.2813   4.0 1 1 NeI(1)
	         24.78 6266.48685   6266.495   4.0 1 1 NeI(5)
	         38.21 6304.86017  6304.7892   4.0 1 1 NeI
	         48.54  6334.3731  6334.4279   4.0 1 1 NeI(1)
	         65.55 6383.00927  6382.9914   4.0 1 1 NeI(3)
	         72.29 6402.28829   6402.246   4.0 1 1 NeI(1)
	        108.68 6506.49165  6506.5279   4.0 1 1 NeI(3)
	        117.88 6532.87254  6532.8824   4.0 1 1 NeI
	        140.92 6598.96443  6598.9529   4.0 1 1 NeI(6)
	        168.53 6678.25522     6678.2   4.0 1 1 blend HeI 6678.149 with NeI 6678.2764
	        182.04 6717.07535  6717.0428   4.0 1 1 NeI
	        194.45 6752.76175   6752.832   4.0 1 1 AI(11)
	        235.65 6871.31785    6871.29   4.0 1 1 AI
	        255.81 6929.42117   6929.468   4.0 1 1 NeI(6)
	        268.31 6965.43147    6965.43   4.0 1 1 AI(1)
	        291.50 7032.34225  7032.4127   4.0 1 1 NeI(1)
	        331.27 7147.16957   7147.041   4.0 1 1 AI(1)
	        340.52 7173.90697   7173.939   4.0 1 1 NeI(6)
	        365.17 7245.16524   7245.167   4.0 1 1 NeI(3)
	        374.71  7272.7513   7272.936   4.0 1 1 AI
	        413.11 7383.94799    7383.98   4.0 1 1 AI
	        432.06 7438.83989   7438.899   4.0 1 1 NeI
	        449.37 7489.04085   7488.872   4.0 1 1 NeI
	        454.50 7503.91774   7503.867   4.0 1 1 AI(8)
	        465.55 7535.98767   7535.775   4.0 1 1 NeI
	        499.63 7634.92752   7635.105   4.0 1 1 AI(1)
	        530.27 7724.01768     7723.8   4.0 1 1 blend AI(1) 7723.760 and AI(6) 7724.206
	        587.63  7890.9871   7891.075   4.0 1 1 AI
	        607.17 7947.95021   7948.175   4.0 1 1 AI(6)
	        664.51 8115.30591   8115.311   4.0 1 1 AI(1)
	        754.30  8377.7614   8377.607   4.0 1 1 NeI(12)
	        794.52 8495.43766    8495.36   4.0 1 1 NeI(18)
	        803.40 8521.41367   8521.441   4.0 1 1 AI(8)
	        842.07 8634.57674   8634.648   4.0 1 1 NeI(23)
	        848.77 8654.17558   8654.383   4.0 1 1 NeI(33)
	        892.06 8780.83507   8780.622   4.0 1 1 NeI(27)
	        992.35 9075.32214    9075.42   4.0 1 1 AI
	       1008.44 9122.96716   9122.966   4.0 1 1 AI(1)
	       1017.12  9148.7322    9148.68   4.0 1 1 NeI(30)
	function spline3
	order 4
	sample *
	naverage 1
	niterate 10
	low_reject 3.
	high_reject 3.
	grow 0.
	coefficients	11
		3.
		4.
		1.
		1176.
		894.1579243089524
		1032.771010208271
		1173.398570862598
		1315.346590018368
		1458.742764619542
		1601.82540145216
		1767.207091068025

