# Wed 13:47:39 23-Jun-2021
begin	identify comp1075.0001 - Ap 1
	id	comp1075.0001
	task	identify
	image	comp1075.0001 - Ap 1
	aperture	1
	aplow	127.38
	aphigh	137.38
	units	Angstroms
	features	39
	          7.58 6217.24198  6217.2813   4.0 1 1 NeI(1)
	         24.84 6266.51226   6266.495   4.0 1 1 NeI(5)
	         38.27 6304.85605  6304.7892   4.0 1 1 NeI
	         48.60  6334.3788  6334.4279   4.0 1 1 NeI(1)
	         65.60 6382.99387  6382.9914   4.0 1 1 NeI(3)
	         72.34 6402.27169   6402.246   4.0 1 1 NeI(1)
	        108.73 6506.48563  6506.5279   4.0 1 1 NeI(3)
	        117.94 6532.87573  6532.8824   4.0 1 1 NeI
	        140.98 6598.97803  6598.9529   4.0 1 1 NeI(6)
	        168.59 6678.24195     6678.2   4.0 1 1 blend HeI 6678.149 with NeI 6678.2764
	        182.10 6717.08777  6717.0428   4.0 1 1 NeI
	        194.52 6752.79256   6752.832   4.0 1 1 AI(11)
	        235.68 6871.25501    6871.29   4.0 1 1 AI
	        255.88 6929.45465   6929.468   4.0 1 1 NeI(6)
	        268.37 6965.46293    6965.43   4.0 1 1 AI(1)
	        291.56 7032.34727  7032.4127   4.0 1 1 NeI(1)
	        331.29 7147.05974   7147.041   4.0 1 1 AI(1)
	        340.58 7173.92315   7173.939   4.0 1 1 NeI(6)
	        365.23 7245.17869   7245.167   4.0 1 1 NeI(3)
	        374.77  7272.7923   7272.936   4.0 1 1 AI
	        413.17 7383.95724    7383.98   4.0 1 1 AI
	        432.12 7438.87671   7438.899   4.0 1 1 NeI
	        449.42 7489.01408   7488.872   4.0 1 1 NeI
	        454.55 7503.91666   7503.867   4.0 1 1 AI(8)
	        465.60 7535.97296   7535.775   4.0 1 1 NeI
	        499.68 7634.92998   7635.105   4.0 1 1 AI(1)
	        530.33   7723.994     7723.8   4.0 1 1 blend AI(1) 7723.760 and AI(6) 7724.206
	        587.70 7891.02835   7891.075   4.0 1 1 AI
	        607.23 7947.95422   7948.175   4.0 1 1 AI(6)
	        664.57 8115.29105   8115.311   4.0 1 1 AI(1)
	        754.35 8377.74557   8377.607   4.0 1 1 NeI(12)
	        794.57 8495.41384    8495.36   4.0 1 1 NeI(18)
	        803.45  8521.3954   8521.441   4.0 1 1 AI(8)
	        842.14 8634.61349   8634.648   4.0 1 1 NeI(23)
	        848.83 8654.19934   8654.383   4.0 1 1 NeI(33)
	        892.11 8780.83443   8780.622   4.0 1 1 NeI(27)
	        992.40 9075.30627    9075.42   4.0 1 1 AI
	       1008.49  9122.9498   9122.966   4.0 1 1 AI(1)
	       1017.19 9148.75505    9148.68   4.0 1 1 NeI(30)
	function spline3
	order 4
	sample *
	naverage 1
	niterate 10
	low_reject 3.
	high_reject 3.
	grow 0.
	coefficients	11
		3.
		4.
		1.
		1176.
		894.1847521331904
		1032.731456058854
		1173.379357132212
		1315.31252401131
		1458.717653144057
		1601.797608318881
		1767.000025562592

