# Wed 13:49:53 23-Jun-2021
begin	identify comp1087.0001 - Ap 1
	id	comp1087.0001
	task	identify
	image	comp1087.0001 - Ap 1
	aperture	1
	aplow	127.38
	aphigh	137.38
	units	Angstroms
	features	39
	          7.45  6217.2559  6217.2813   4.0 1 1 NeI(1)
	         24.69 6266.47571   6266.495   4.0 1 1 NeI(5)
	         38.13 6304.84676  6304.7892   4.0 1 1 NeI
	         48.47 6334.39797  6334.4279   4.0 1 1 NeI(1)
	         65.47   6383.019  6382.9914   4.0 1 1 NeI(3)
	         72.20 6402.28786   6402.246   4.0 1 1 NeI(1)
	        108.59 6506.49613  6506.5279   4.0 1 1 NeI(3)
	        117.78 6532.83282  6532.8824   4.0 1 1 NeI
	        140.83 6598.94552  6598.9529   4.0 1 1 NeI(6)
	        168.45  6678.2665     6678.2   4.0 1 1 blend HeI 6678.149 with NeI 6678.2764
	        181.95 6717.05441  6717.0428   4.0 1 1 NeI
	        194.40 6752.85482   6752.832   4.0 1 1 AI(11)
	        235.56 6871.28564    6871.29   4.0 1 1 AI
	        255.73 6929.40585   6929.468   4.0 1 1 NeI(6)
	        268.23 6965.43924    6965.43   4.0 1 1 AI(1)
	        291.43 7032.35819  7032.4127   4.0 1 1 NeI(1)
	        331.19 7147.14912   7147.041   4.0 1 1 AI(1)
	        340.45 7173.90948   7173.939   4.0 1 1 NeI(6)
	        365.09 7245.15634   7245.167   4.0 1 1 NeI(3)
	        374.62 7272.73486   7272.936   4.0 1 1 AI
	        413.02 7383.90352    7383.98   4.0 1 1 AI
	        431.97 7438.81668   7438.899   4.0 1 1 NeI
	        449.29 7489.04984   7488.872   4.0 1 1 NeI
	        454.43 7503.95804   7503.867   4.0 1 1 AI(8)
	        465.49 7536.03827   7535.775   4.0 1 1 NeI
	        499.55 7634.94455   7635.105   4.0 1 1 AI(1)
	        530.20 7724.01513     7723.8   4.0 1 1 blend AI(1) 7723.760 and AI(6) 7724.206
	        587.56 7890.99234   7891.075   4.0 1 1 AI
	        607.10 7947.95036   7948.175   4.0 1 1 AI(6)
	        664.45  8115.2917   8115.311   4.0 1 1 AI(1)
	        754.23 8377.71296   8377.607   4.0 1 1 NeI(12)
	        794.46 8495.42818    8495.36   4.0 1 1 NeI(18)
	        803.33 8521.38559   8521.441   4.0 1 1 AI(8)
	        842.00 8634.58963   8634.648   4.0 1 1 NeI(23)
	        848.70 8654.20262   8654.383   4.0 1 1 NeI(33)
	        891.97 8780.90876   8780.622   4.0 1 1 NeI(27)
	        992.19 9075.20028    9075.42   4.0 1 1 AI
	       1008.39 9123.03699   9122.966   4.0 1 1 AI(1)
	       1017.07 9148.74093    9148.68   4.0 1 1 NeI(30)
	function spline3
	order 4
	sample *
	naverage 1
	niterate 10
	low_reject 3.
	high_reject 3.
	grow 0.
	coefficients	11
		3.
		4.
		1.
		1176.
		894.1435516265872
		1032.821833748282
		1173.43103892214
		1315.392387525482
		1458.739393975744
		1602.08883449891
		1761.579538451267

