# Wed 13:46:31 23-Jun-2021
begin	identify comp1069.0001 - Ap 1
	id	comp1069.0001
	task	identify
	image	comp1069.0001 - Ap 1
	aperture	1
	aplow	127.38
	aphigh	137.38
	units	Angstroms
	features	39
	          7.56 6217.22942  6217.2813   4.0 1 1 NeI(1)
	         24.84  6266.5133   6266.495   4.0 1 1 NeI(5)
	         38.26 6304.84619  6304.7892   4.0 1 1 NeI
	         48.60 6334.38399  6334.4279   4.0 1 1 NeI(1)
	         65.60 6383.00526  6382.9914   4.0 1 1 NeI(3)
	         72.34 6402.28511   6402.246   4.0 1 1 NeI(1)
	        108.73 6506.49685  6506.5279   4.0 1 1 NeI(3)
	        117.94 6532.87336  6532.8824   4.0 1 1 NeI
	        140.99 6598.99156  6598.9529   4.0 1 1 NeI(6)
	        168.58 6678.23618     6678.2   4.0 1 1 blend HeI 6678.149 with NeI 6678.2764
	        182.10 6717.07085  6717.0428   4.0 1 1 NeI
	        194.53 6752.80656   6752.832   4.0 1 1 AI(11)
	        235.68 6871.23428    6871.29   4.0 1 1 AI
	        255.88 6929.45392   6929.468   4.0 1 1 NeI(6)
	        268.36 6965.41169    6965.43   4.0 1 1 AI(1)
	        291.56 7032.34177  7032.4127   4.0 1 1 NeI(1)
	        331.31 7147.10797   7147.041   4.0 1 1 AI(1)
	        340.59 7173.92531   7173.939   4.0 1 1 NeI(6)
	        365.23 7245.16979   7245.167   4.0 1 1 NeI(3)
	        374.78  7272.8034   7272.936   4.0 1 1 AI
	        413.17 7383.95443    7383.98   4.0 1 1 AI
	        432.12 7438.86769   7438.899   4.0 1 1 NeI
	        449.42 7489.01963   7488.872   4.0 1 1 NeI
	        454.56 7503.93166   7503.867   4.0 1 1 AI(8)
	        465.61 7535.98512   7535.775   4.0 1 1 NeI
	        499.69 7634.93692   7635.105   4.0 1 1 AI(1)
	        530.33 7724.00287     7723.8   4.0 1 1 blend AI(1) 7723.760 and AI(6) 7724.206
	        587.69 7890.97502   7891.075   4.0 1 1 AI
	        607.24 7947.97258   7948.175   4.0 1 1 AI(6)
	        664.58 8115.29383   8115.311   4.0 1 1 AI(1)
	        754.36 8377.73732   8377.607   4.0 1 1 NeI(12)
	        794.58 8495.41369    8495.36   4.0 1 1 NeI(18)
	        803.46 8521.38161   8521.441   4.0 1 1 AI(8)
	        842.15 8634.60774   8634.648   4.0 1 1 NeI(23)
	        848.84  8654.2068   8654.383   4.0 1 1 NeI(33)
	        892.12  8780.8719   8780.622   4.0 1 1 NeI(27)
	        992.38 9075.26232    9075.42   4.0 1 1 AI
	       1008.51 9122.96079   9122.966   4.0 1 1 AI(1)
	       1017.21 9148.76985    9148.68   4.0 1 1 NeI(30)
	function spline3
	order 4
	sample *
	naverage 1
	niterate 10
	low_reject 3.
	high_reject 3.
	grow 0.
	coefficients	11
		3.
		4.
		1.
		1176.
		894.1653898858591
		1032.742966612316
		1173.371116085883
		1315.320603691075
		1458.695085284473
		1601.87785167606
		1764.98631056828

