# Wed 13:45:11 23-Jun-2021
begin	identify comp1066.0001 - Ap 1
	id	comp1066.0001
	task	identify
	image	comp1066.0001 - Ap 1
	aperture	1
	aplow	127.38
	aphigh	137.38
	units	Angstroms
	features	39
	          7.57 6217.24577  6217.2813   4.0 1 1 NeI(1)
	         24.84 6266.51758   6266.495   4.0 1 1 NeI(5)
	         38.26 6304.83854  6304.7892   4.0 1 1 NeI
	         48.60 6334.38109  6334.4279   4.0 1 1 NeI(1)
	         65.60 6382.99437  6382.9914   4.0 1 1 NeI(3)
	         72.34 6402.27681   6402.246   4.0 1 1 NeI(1)
	        108.73 6506.48882  6506.5279   4.0 1 1 NeI(3)
	        117.93 6532.86904  6532.8824   4.0 1 1 NeI
	        140.98 6598.96597  6598.9529   4.0 1 1 NeI(6)
	        168.59 6678.24544     6678.2   4.0 1 1 blend HeI 6678.149 with NeI 6678.2764
	        182.10 6717.09369  6717.0428   4.0 1 1 NeI
	        194.54 6752.85016   6752.832   4.0 1 1 AI(11)
	        235.67 6871.21895    6871.29   4.0 1 1 AI
	        255.88 6929.45042   6929.468   4.0 1 1 NeI(6)
	        268.35 6965.41164    6965.43   4.0 1 1 AI(1)
	        291.56 7032.34134  7032.4127   4.0 1 1 NeI(1)
	        331.32 7147.15533   7147.041   4.0 1 1 AI(1)
	        340.58  7173.9001   7173.939   4.0 1 1 NeI(6)
	        365.23 7245.17721   7245.167   4.0 1 1 NeI(3)
	        374.76 7272.75611   7272.936   4.0 1 1 AI
	        413.17 7383.95175    7383.98   4.0 1 1 AI
	        432.13 7438.87566   7438.899   4.0 1 1 NeI
	        449.42 7489.02424   7488.872   4.0 1 1 NeI
	        454.55 7503.91132   7503.867   4.0 1 1 AI(8)
	        465.61 7535.98495   7535.775   4.0 1 1 NeI
	        499.68 7634.92974   7635.105   4.0 1 1 AI(1)
	        530.33 7724.01171     7723.8   4.0 1 1 blend AI(1) 7723.760 and AI(6) 7724.206
	        587.71 7891.02971   7891.075   4.0 1 1 AI
	        607.23 7947.94898   7948.175   4.0 1 1 AI(6)
	        664.58 8115.28756   8115.311   4.0 1 1 AI(1)
	        754.36 8377.72352   8377.607   4.0 1 1 NeI(12)
	        794.58 8495.40686    8495.36   4.0 1 1 NeI(18)
	        803.45 8521.37631   8521.441   4.0 1 1 AI(8)
	        842.15 8634.62822   8634.648   4.0 1 1 NeI(23)
	        848.84 8654.20481   8654.383   4.0 1 1 NeI(33)
	        892.12 8780.87781   8780.622   4.0 1 1 NeI(27)
	        992.36 9075.23443    9075.42   4.0 1 1 AI
	       1008.51 9122.99815   9122.966   4.0 1 1 AI(1)
	       1017.19 9148.75441    9148.68   4.0 1 1 NeI(30)
	function spline3
	order 4
	sample *
	naverage 1
	niterate 10
	low_reject 3.
	high_reject 3.
	grow 0.
	coefficients	11
		3.
		4.
		1.
		1176.
		894.1526059353829
		1032.743735817115
		1173.373093755641
		1315.318075701602
		1458.698161880221
		1601.876231290961
		1765.399152351798

