# Wed 13:49:22 23-Jun-2021
begin	identify comp1084.0001 - Ap 1
	id	comp1084.0001
	task	identify
	image	comp1084.0001 - Ap 1
	aperture	1
	aplow	127.38
	aphigh	137.38
	units	Angstroms
	features	39
	          7.49 6217.24843  6217.2813   4.0 1 1 NeI(1)
	         24.74  6266.4798   6266.495   4.0 1 1 NeI(5)
	         38.18 6304.86271  6304.7892   4.0 1 1 NeI
	         48.51  6334.3788  6334.4279   4.0 1 1 NeI(1)
	         65.52 6383.01479  6382.9914   4.0 1 1 NeI(3)
	         72.26 6402.29495   6402.246   4.0 1 1 NeI(1)
	        108.65 6506.50066  6506.5279   4.0 1 1 NeI(3)
	        117.84 6532.84585  6532.8824   4.0 1 1 NeI
	        140.89 6598.95859  6598.9529   4.0 1 1 NeI(6)
	        168.51 6678.26117     6678.2   4.0 1 1 blend HeI 6678.149 with NeI 6678.2764
	        182.01 6717.06115  6717.0428   4.0 1 1 NeI
	        194.43 6752.78879   6752.832   4.0 1 1 AI(11)
	        235.62 6871.30463    6871.29   4.0 1 1 AI
	        255.79 6929.42218   6929.468   4.0 1 1 NeI(6)
	        268.28 6965.44765    6965.43   4.0 1 1 AI(1)
	        291.48 7032.34921  7032.4127   4.0 1 1 NeI(1)
	        331.24 7147.14904   7147.041   4.0 1 1 AI(1)
	        340.49 7173.89672   7173.939   4.0 1 1 NeI(6)
	        365.15 7245.16657   7245.167   4.0 1 1 NeI(3)
	        374.68 7272.75379   7272.936   4.0 1 1 AI
	        413.08 7383.93215    7383.98   4.0 1 1 AI
	        432.04 7438.85104   7438.899   4.0 1 1 NeI
	        449.34 7489.02797   7488.872   4.0 1 1 NeI
	        454.48 7503.93626   7503.867   4.0 1 1 AI(8)
	        465.53 7535.99519   7535.775   4.0 1 1 NeI
	        499.61 7634.93991   7635.105   4.0 1 1 AI(1)
	        530.25 7724.01768     7723.8   4.0 1 1 blend AI(1) 7723.760 and AI(6) 7724.206
	        587.60 7890.96849   7891.075   4.0 1 1 AI
	        607.15 7947.96009   7948.175   4.0 1 1 AI(6)
	        664.50  8115.3138   8115.311   4.0 1 1 AI(1)
	        754.28 8377.74913   8377.607   4.0 1 1 NeI(12)
	        794.50 8495.42479    8495.36   4.0 1 1 NeI(18)
	        803.38  8521.3908   8521.441   4.0 1 1 AI(8)
	        842.06 8634.59881   8634.648   4.0 1 1 NeI(23)
	        848.75 8654.17219   8654.383   4.0 1 1 NeI(33)
	        892.04 8780.87229   8780.622   4.0 1 1 NeI(27)
	        992.30  9075.2673    9075.42   4.0 1 1 AI
	       1008.43 9123.00058   9122.966   4.0 1 1 AI(1)
	       1017.11 9148.73455    9148.68   4.0 1 1 NeI(30)
	function spline3
	order 4
	sample *
	naverage 1
	niterate 10
	low_reject 3.
	high_reject 3.
	grow 0.
	coefficients	11
		3.
		4.
		1.
		1176.
		894.1517805268821
		1032.791963579001
		1173.408743618455
		1315.361082246989
		1458.735898840183
		1601.922536262311
		1765.101164162694

