# Wed 13:48:12 23-Jun-2021
begin	identify comp1078.0001 - Ap 1
	id	comp1078.0001
	task	identify
	image	comp1078.0001 - Ap 1
	aperture	1
	aplow	127.38
	aphigh	137.38
	units	Angstroms
	features	39
	          7.60  6217.2469  6217.2813   4.0 1 1 NeI(1)
	         24.87 6266.52684   6266.495   4.0 1 1 NeI(5)
	         38.30 6304.85508  6304.7892   4.0 1 1 NeI
	         48.63 6334.38454  6334.4279   4.0 1 1 NeI(1)
	         65.63 6382.98636  6382.9914   4.0 1 1 NeI(3)
	         72.37 6402.25439   6402.246   4.0 1 1 NeI(1)
	        108.76  6506.4741  6506.5279   4.0 1 1 NeI(3)
	        117.96 6532.84708  6532.8824   4.0 1 1 NeI
	        141.02 6598.97682  6598.9529   4.0 1 1 NeI(6)
	        168.62  6678.2326     6678.2   4.0 1 1 blend HeI 6678.149 with NeI 6678.2764
	        182.13 6717.07958  6717.0428   4.0 1 1 NeI
	        194.58 6752.86461   6752.832   4.0 1 1 AI(11)
	        235.72 6871.27251    6871.29   4.0 1 1 AI
	        255.91 6929.46291   6929.468   4.0 1 1 NeI(6)
	        268.38 6965.41783    6965.43   4.0 1 1 AI(1)
	        291.59 7032.34448  7032.4127   4.0 1 1 NeI(1)
	        331.34 7147.14032   7147.041   4.0 1 1 AI(1)
	        340.61 7173.90941   7173.939   4.0 1 1 NeI(6)
	        365.25 7245.15551   7245.167   4.0 1 1 NeI(3)
	        374.81 7272.80132   7272.936   4.0 1 1 AI
	        413.21 7383.97548    7383.98   4.0 1 1 AI
	        432.15 7438.85066   7438.899   4.0 1 1 NeI
	        449.44 7488.99131   7488.872   4.0 1 1 NeI
	        454.58 7503.89392   7503.867   4.0 1 1 AI(8)
	        465.63 7535.95436   7535.775   4.0 1 1 NeI
	        499.71 7634.90218   7635.105   4.0 1 1 AI(1)
	        530.36 7723.98396     7723.8   4.0 1 1 blend AI(1) 7723.760 and AI(6) 7724.206
	        587.77 7891.11386   7891.075   4.0 1 1 AI
	        607.26 7947.93671   7948.175   4.0 1 1 AI(6)
	        664.60 8115.29361   8115.311   4.0 1 1 AI(1)
	        754.38 8377.76056   8377.607   4.0 1 1 NeI(12)
	        794.60 8495.42878    8495.36   4.0 1 1 NeI(18)
	        803.48 8521.39869   8521.441   4.0 1 1 AI(8)
	        842.17 8634.60867   8634.648   4.0 1 1 NeI(23)
	        848.86 8654.17448   8654.383   4.0 1 1 NeI(33)
	        892.15 8780.80441   8780.622   4.0 1 1 NeI(27)
	        992.48 9075.36927    9075.42   4.0 1 1 AI
	       1008.52 9122.91523   9122.966   4.0 1 1 AI(1)
	       1017.21 9148.74915    9148.68   4.0 1 1 NeI(30)
	function spline3
	order 4
	sample *
	naverage 1
	niterate 10
	low_reject 3.
	high_reject 3.
	grow 0.
	coefficients	11
		3.
		4.
		1.
		1176.
		894.2135614563239
		1032.709209997082
		1173.36991087257
		1315.288159016179
		1458.72737854283
		1601.650285391288
		1770.011659438662

