# Wed 13:50:37 23-Jun-2021
begin	identify comp1090.0001 - Ap 1
	id	comp1090.0001
	task	identify
	image	comp1090.0001 - Ap 1
	aperture	1
	aplow	127.38
	aphigh	137.38
	units	Angstroms
	features	38
	          7.44 6217.24599  6217.2813   4.0 1 1 NeI(1)
	         24.68 6266.46857   6266.495   4.0 1 1 NeI(5)
	         38.13 6304.86549  6304.7892   4.0 1 1 NeI
	         48.46 6334.40388  6334.4279   4.0 1 1 NeI(1)
	         65.47 6383.02443  6382.9914   4.0 1 1 NeI(3)
	         72.20 6402.28496   6402.246   4.0 1 1 NeI(1)
	        108.59 6506.49246  6506.5279   4.0 1 1 NeI(3)
	        117.78 6532.83642  6532.8824   4.0 1 1 NeI
	        140.83 6598.94948  6598.9529   4.0 1 1 NeI(6)
	        168.45 6678.27602     6678.2   4.0 1 1 blend HeI 6678.149 with NeI 6678.2764
	        181.94 6717.04835  6717.0428   4.0 1 1 NeI
	        194.37 6752.76638   6752.832   4.0 1 1 AI(11)
	        235.55 6871.29957    6871.29   4.0 1 1 AI
	        255.73 6929.44223   6929.468   4.0 1 1 NeI(6)
	        268.23 6965.47963    6965.43   4.0 1 1 AI(1)
	        291.43 7032.39318  7032.4127   4.0 1 1 NeI(1)
	        331.13 7147.03239   7147.041   4.0 1 1 AI(1)
	        340.45 7173.94611   7173.939   4.0 1 1 NeI(6)
	        365.08 7245.17867   7245.167   4.0 1 1 NeI(3)
	        374.63 7272.78531   7272.936   4.0 1 1 AI
	        413.03 7383.97382    7383.98   4.0 1 1 AI
	        431.96  7438.8342   7438.899   4.0 1 1 NeI
	        449.29 7489.07429   7488.872   4.0 1 1 NeI
	        454.43 7503.97259   7503.867   4.0 1 1 AI(8)
	        499.55 7634.96402   7635.105   4.0 1 1 AI(1)
	        530.19 7724.02635     7723.8   4.0 1 1 blend AI(1) 7723.760 and AI(6) 7724.206
	        587.56 7891.02087   7891.075   4.0 1 1 AI
	        607.09 7947.95203   7948.175   4.0 1 1 AI(6)
	        664.45 8115.31859   8115.311   4.0 1 1 AI(1)
	        754.23 8377.74825   8377.607   4.0 1 1 NeI(12)
	        794.46 8495.45372    8495.36   4.0 1 1 NeI(18)
	        803.33  8521.4018   8521.441   4.0 1 1 AI(8)
	        842.00 8634.57336   8634.648   4.0 1 1 NeI(23)
	        848.69 8654.17595   8654.383   4.0 1 1 NeI(33)
	        891.97 8780.82626   8780.622   4.0 1 1 NeI(27)
	        992.27 9075.32999    9075.42   4.0 1 1 AI
	       1008.38 9122.98273   9122.966   4.0 1 1 AI(1)
	       1017.06 9148.71515    9148.68   4.0 1 1 NeI(30)
	function spline3
	order 4
	sample *
	naverage 1
	niterate 10
	low_reject 3.
	high_reject 3.
	grow 0.
	coefficients	11
		3.
		4.
		1.
		1176.
		894.1991697896721
		1032.810155320942
		1173.445210237459
		1315.387182994626
		1458.763459956702
		1601.94637506172
		1764.82934863082

