# Wed 13:31:11 23-Jun-2021
begin	identify comp1051.0001 - Ap 1
	id	comp1051.0001
	task	identify
	image	comp1051.0001 - Ap 1
	aperture	1
	aplow	127.38
	aphigh	137.38
	units	Angstroms
	features	38
	          7.62 6217.24809  6217.2813   4.0 1 1 NeI(1)
	         24.88 6266.51524   6266.495   4.0 1 1 NeI(5)
	         38.31  6304.8553  6304.7892   4.0 1 1 NeI
	         48.64 6334.37959  6334.4279   4.0 1 1 NeI(1)
	         65.64 6382.98315  6382.9914   4.0 1 1 NeI(3)
	         72.38 6402.25991   6402.246   4.0 1 1 NeI(1)
	        108.77 6506.47796  6506.5279   4.0 1 1 NeI(3)
	        117.98 6532.88759  6532.8824   4.0 1 1 NeI
	        141.03 6598.98995  6598.9529   4.0 1 1 NeI(6)
	        168.62 6678.22786     6678.2   4.0 1 1 blend HeI 6678.149 with NeI 6678.2764
	        182.14 6717.08362  6717.0428   4.0 1 1 NeI
	        194.57 6752.81911   6752.832   4.0 1 1 AI(11)
	        235.73 6871.27327    6871.29   4.0 1 1 AI
	        255.92 6929.47046   6929.468   4.0 1 1 NeI(6)
	        268.40 6965.43842    6965.43   4.0 1 1 AI(1)
	        291.59 7032.34341  7032.4127   4.0 1 1 NeI(1)
	        331.31 7147.04706   7147.041   4.0 1 1 AI(1)
	        340.61 7173.92567   7173.939   4.0 1 1 NeI(6)
	        365.26 7245.18508   7245.167   4.0 1 1 NeI(3)
	        374.76 7272.68561   7272.936   4.0 1 1 AI
	        413.21 7383.98217    7383.98   4.0 1 1 AI
	        432.15 7438.89377   7438.899   4.0 1 1 NeI
	        449.44 7489.02209   7488.872   4.0 1 1 NeI
	        454.58 7503.92906   7503.867   4.0 1 1 AI(8)
	        465.64 7536.00689   7535.775   4.0 1 1 NeI
	        499.71 7634.95197   7635.105   4.0 1 1 AI(1)
	        530.36 7724.01806     7723.8   4.0 1 1 blend AI(1) 7723.760 and AI(6) 7724.206
	        587.75 7891.06922   7891.075   4.0 1 1 AI
	        607.25  7947.9135   7948.175   4.0 1 1 AI(6)
	        664.60 8115.22797   8115.311   4.0 1 1 AI(1)
	        754.38 8377.66686   8377.607   4.0 1 1 NeI(12)
	        794.60 8495.39721    8495.36   4.0 1 1 NeI(18)
	        803.48 8521.39988   8521.441   4.0 1 1 AI(8)
	        842.16 8634.73242   8634.648   4.0 1 1 NeI(23)
	        848.86 8654.36909   8654.383   4.0 1 1 NeI(33)
	        992.31 9075.33632    9075.42   4.0 1 1 AI
	       1008.51 9123.03385   9122.966   4.0 1 1 AI(1)
	       1017.22 9148.66983    9148.68   4.0 1 1 NeI(30)
	function spline3
	order 4
	sample *
	naverage 1
	niterate 10
	low_reject 3.
	high_reject 3.
	grow 0.
	coefficients	11
		3.
		4.
		1.
		1176.
		894.140897905908
		1032.71745128195
		1173.356614166058
		1315.31581864581
		1458.635482979842
		1602.367513205417
		1751.882209713295

